95.0
2727.0
4911.0
7323.0
8443.0
9795.0
11260.0
11343.0
14025.0
15133.0
15170.0
15303.0
16509.0
16955.0
16996.0
17066.0
17411.0
21098.0
21456.0
21694.0
22307.0
22932.0
23340.0
24211.0
25004.0
25648.0
26124.0
28401.0
29495.0
30867.0
31576.0
31841.0
31926.0
32148.0
32698.0
33212.0
34048.0
34750.0
36795.0
37802.0
39156.0
40687.0
41334.0
41809.0
43486.0
44499.0
49169.0
49338.0
49796.0
50503.0
52089.0
52902.0
54757.0
57222.0
57302.0
58515.0
61231.0
61411.0
61665.0
61978.0
62068.0
62327.0
63319.0
64523.0
65898.0
66406.0
69726.0
69969.0
72267.0
72459.0
74370.0
74688.0
76000.0
78570.0
79067.0
79639.0
80377.0
81614.0
81926.0
82182.0
85580.0
85607.0
85909.0
86292.0
86519.0
88331.0
88994.0
92622.0
93048.0
93285.0
94315.0
95806.0
96317.0
97048.0
97424.0
97902.0
98533.0
99302.0
101826.0
102383.0
102979.0
104716.0
104993.0
105892.0
106785.0
106976.0
108124.0
108424.0
110412.0
110437.0
110835.0
112464.0
112590.0
112915.0
113894.0
115651.0
116638.0
116723.0
116779.0
119396.0
120467.0
122364.0
122699.0
123911.0
125415.0
127749.0
128497.0
129621.0
129844.0
129936.0
130189.0
130326.0
130848.0
131739.0
132781.0
135534.0
135940.0
136480.0
137478.0
139806.0
140550.0
142143.0
145627.0
145862.0
146186.0
147674.0
147727.0
149587.0
149837.0
150661.0
150805.0
153093.0
153205.0
154971.0
155046.0
155821.0
156038.0
156630.0
157012.0
157247.0
158014.0
161674.0
162559.0
162837.0
163086.0
164926.0
165063.0
166367.0
167663.0
167793.0
170412.0
171209.0
171734.0
171998.0
173965.0
175004.0
176150.0
176670.0
178502.0
180429.0
182210.0
183060.0
184879.0
185826.0
187110.0
187997.0
189885.0
190018.0
190644.0
194811.0
196569.0
199562.0
200157.0
200981.0
201185.0
201475.0
201554.0
204187.0
204728.0
206244.0
206731.0
206853.0
207468.0
207798.0
212246.0
214701.0
215037.0
218595.0
220415.0
221660.0
221661.0
221682.0
221941.0
221971.0
222503.0
222643.0
223499.0
223785.0
224521.0
226866.0
229220.0
229528.0
229783.0
229802.0
230591.0
230633.0
231306.0
234369.0
234999.0
235411.0
236256.0
239471.0
240587.0
240611.0
242906.0
243915.0
244225.0
245033.0
245113.0
247442.0
249967.0
250397.0
250550.0
250928.0
251151.0
251824.0
252010.0
252199.0
253710.0
254188.0
254370.0
254978.0
255848.0
256676.0
258072.0
262323.0
262899.0
263417.0
263431.0
264148.0
267000.0
268461.0
268776.0
269631.0
270812.0
271397.0
273150.0
275464.0
277551.0
280350.0
280360.0
283071.0
283197.0
285169.0
285956.0
286446.0
287260.0
287987.0
288632.0
288705.0
289084.0
289563.0
290930.0
291380.0
292251.0
293613.0
294608.0
295885.0
297732.0
300133.0
300852.0
301772.0
301777.0
302112.0
302746.0
304014.0
305075.0
309114.0
309192.0
309680.0
309849.0
310432.0
311122.0
313639.0
313788.0
314519.0
314688.0
318043.0
318452.0
318971.0
323576.0
323626.0
323679.0
323940.0
323953.0
324283.0
324482.0
325298.0
328379.0
330704.0
331207.0
333076.0
334185.0
334275.0
335825.0
336821.0
339200.0
339291.0
341105.0
343370.0
344812.0
344870.0
345545.0
345615.0
346063.0
346661.0
348807.0
349460.0
350093.0
350391.0
352976.0
355155.0
355951.0
358348.0
359789.0
360120.0
360898.0
361579.0
362475.0
363486.0
366536.0
367198.0
367479.0
367492.0
368321.0
368640.0
369648.0
370742.0
371460.0
372101.0
374962.0
376368.0
377181.0
377387.0
378378.0
378439.0
380935.0
381014.0
381881.0
383069.0
385758.0
387736.0
388578.0
389683.0
390123.0
390691.0
392274.0
393080.0
393794.0
394037.0
395354.0
395737.0
396482.0
396934.0
397671.0
398773.0
398854.0
399568.0
402269.0
402809.0
404411.0
406710.0
407009.0
407200.0
407842.0
408171.0
408510.0
409421.0
409498.0
409919.0
410758.0
411173.0
411581.0
411666.0
413263.0
414798.0
416160.0
417142.0
418919.0
419803.0
420542.0
422353.0
423664.0
423671.0
423845.0
424310.0
426051.0
426126.0
426207.0
429359.0
429843.0
429914.0
430137.0
431535.0
432416.0
433576.0
436627.0
439061.0
441580.0
442731.0
443026.0
444016.0
444054.0
444481.0
444564.0
445227.0
445728.0
446689.0
447324.0
447726.0
449704.0
449705.0
451763.0
452130.0
458296.0
458862.0
458908.0
459288.0
459636.0
459762.0
460321.0
460972.0
462550.0
462881.0
462956.0
463381.0
463384.0
463606.0
463969.0
465932.0
466703.0
467177.0
470451.0
470932.0
474143.0
474148.0
476070.0
476951.0
477110.0
478529.0
480543.0
481019.0
481997.0
483602.0
483877.0
484841.0
485708.0
486966.0
487304.0
489136.0
491882.0
492344.0
492473.0
493252.0
493341.0
494230.0
495989.0
496058.0
497172.0
499106.0
500349.0
500574.0
503090.0
504238.0
505745.0
506566.0
507261.0
507983.0
508249.0
508721.0
508973.0
510042.0
510869.0
511486.0
512861.0
513777.0
514323.0
514800.0
515792.0
515905.0
517934.0
518373.0
518711.0
520276.0
521181.0
523565.0
523678.0
524668.0
525406.0
526417.0
527118.0
530284.0
531026.0
532330.0
532967.0
533089.0
535730.0
536747.0
540462.0
541414.0
543176.0
544409.0
544648.0
544910.0
546309.0
547916.0
548042.0
548247.0
548542.0
548785.0
549403.0
549782.0
551002.0
551511.0
556844.0
558545.0
558839.0
559837.0
561094.0
561281.0
561538.0
567117.0
567425.0
567985.0
568130.0
570236.0
571231.0
573511.0
575343.0
577221.0
578522.0
581479.0
581868.0
582562.0
583074.0
583681.0
583818.0
584062.0
584382.0
586949.0
587558.0
588246.0
588695.0
589871.0
591882.0
592236.0
593033.0
594368.0
598266.0
599898.0
600058.0
601195.0
601460.0
601707.0
602570.0
603129.0
604224.0
604375.0
605032.0
606318.0
606834.0
607653.0
609996.0
610005.0
610372.0
610614.0
611226.0
613195.0
615483.0
615655.0
616110.0
617371.0
617624.0
619365.0
619552.0
619599.0
620926.0
621981.0
622048.0
624388.0
628008.0
628729.0
630351.0
630873.0
630939.0
632639.0
633486.0
634121.0
635248.0
635927.0
637885.0
638012.0
639199.0
639288.0
639409.0
640548.0
640941.0
642295.0
643989.0
644741.0
646260.0
647610.0
648548.0
648754.0
649537.0
649665.0
649915.0
652323.0
653820.0
654363.0
654694.0
655270.0
655741.0
655832.0
656454.0
656616.0
656788.0
656885.0
657036.0
657392.0
657419.0
659007.0
660097.0
661790.0
664140.0
664845.0
667779.0
669164.0
669405.0
670290.0
671340.0
671394.0
675762.0
675951.0
676801.0
676841.0
678363.0
678507.0
679606.0
679703.0
680132.0
681886.0
682817.0
685735.0
690244.0
690729.0
691798.0
692197.0
693293.0
695734.0
696097.0
696268.0
698169.0
698461.0
699510.0
700912.0
700942.0
702505.0
702532.0
702749.0
702890.0
703141.0
708244.0
708379.0
708582.0
710262.0
711536.0
711756.0
712976.0
713106.0
714269.0
714487.0
714985.0
715308.0
715601.0
716912.0
717134.0
717376.0
721756.0
721928.0
722220.0
723282.0
724840.0
725853.0
726935.0
726951.0
727711.0
730551.0
730600.0
731463.0
731810.0
732533.0
733503.0
734321.0
734446.0
735895.0
737331.0
738286.0
741177.0
742571.0
742764.0
743706.0
744252.0
746469.0
749382.0
750781.0
751128.0
751454.0
753118.0
755411.0
755536.0
755675.0
757164.0
757523.0
757964.0
758562.0
762012.0
762019.0
762612.0
764800.0
764957.0
766351.0
766694.0
767470.0
768064.0
768561.0
770206.0
774472.0
776120.0
777177.0
777778.0
778311.0
778409.0
780763.0
782792.0
783205.0
783767.0
787047.0
788514.0
789290.0
789875.0
789982.0
791393.0
791633.0
791996.0
792148.0
792250.0
792656.0
792704.0
794451.0
796870.0
796891.0
797436.0
797467.0
798042.0
798554.0
799272.0
799350.0
799712.0
801064.0
801065.0
802877.0
803302.0
803888.0
804108.0
804998.0
807267.0
808577.0
809024.0
810699.0
811443.0
811758.0
812150.0
812585.0
814886.0
815566.0
815757.0
816980.0
817408.0
817704.0
818417.0
822892.0
822894.0
825050.0
825112.0
825128.0
825581.0
827890.0
828040.0
828109.0
828605.0
831141.0
831632.0
832050.0
832594.0
834079.0
834295.0
837298.0
837458.0
838275.0
839233.0
840013.0
840655.0
841105.0
841332.0
842360.0
842528.0
842676.0
843597.0
847217.0
847378.0
847847.0
847941.0
848877.0
851934.0
854039.0
854572.0
855232.0
855893.0
856178.0
859683.0
860331.0
863751.0
865210.0
865258.0
865824.0
865876.0
868656.0
870649.0
871576.0
872051.0
873111.0
874011.0
878744.0
879148.0
879301.0
880456.0
881080.0
881998.0
885380.0
885613.0
885641.0
885835.0
887423.0
887612.0
887799.0
890529.0
891751.0
894210.0
894467.0
895610.0
896194.0
897517.0
899180.0
899283.0
900443.0
900745.0
902286.0
905178.0
906358.0
906684.0
907874.0
911076.0
911554.0
912087.0
912294.0
912321.0
913951.0
915626.0
915648.0
915721.0
917803.0
919688.0
920525.0
921657.0
921956.0
922612.0
923543.0
925626.0
927429.0
927668.0
928246.0
929725.0
930018.0
930866.0
932997.0
934461.0
934487.0
934531.0
939088.0
939853.0
941034.0
941992.0
942438.0
943577.0
943965.0
944752.0
945255.0
945475.0
947207.0
947833.0
949406.0
950343.0
950875.0
951929.0
953676.0
957696.0
957913.0
958059.0
959814.0
963577.0
964014.0
964381.0
965049.0
968134.0
968497.0
968611.0
968901.0
970103.0
971119.0
973858.0
974590.0
975905.0
976070.0
977600.0
978472.0
979594.0
980028.0
983148.0
984058.0
985330.0
985641.0
986535.0
987378.0
988074.0
988645.0
988947.0
989255.0
990770.0
991506.0
993236.0
994466.0
995793.0
997216.0
998318.0
999074.0
999386.0
1000307.0
1001236.0
1002106.0
1003789.0
1004300.0
1004470.0
1005024.0
1007490.0
1008338.0
1010255.0
1010273.0
1011107.0
1011134.0
1011611.0
1012204.0
1012871.0
1016649.0
1017403.0
1017893.0
1018136.0
1018363.0
1022064.0
1022494.0
1023581.0
1023818.0
1023833.0
1024608.0
1024748.0
1026581.0
1028600.0
1028632.0
1031189.0
1033261.0
1034187.0
1034929.0
1035619.0
1036391.0
1036497.0
1038088.0
1038239.0
1038349.0
1039587.0
1039958.0
1040367.0
1040449.0
1040663.0
1043141.0
1043467.0
1044939.0
1045038.0
1045059.0
1045847.0
1048602.0
1048674.0
1048728.0
1049969.0
1050910.0
1051867.0
1053167.0
1055539.0
1056077.0
1059417.0
1060212.0
1062619.0
1063933.0
1064971.0
1065095.0
1065997.0
1066463.0
1067184.0
1067527.0
1067913.0
1068467.0
1068904.0
1070953.0
1073925.0
1074935.0
1076383.0
1077451.0
1079296.0
1080187.0
1080789.0
1080870.0
1081809.0
1083760.0
1084578.0
1085606.0
1085911.0
1086131.0
1088221.0
1090578.0
1091140.0
1094033.0
1094229.0
1094680.0
1094851.0
1095688.0
1096513.0
1097783.0
1098623.0
1098752.0
1100207.0
1102810.0
1103218.0
1103403.0
1105133.0
1106531.0
1107086.0
1108178.0
1108226.0
1111463.0
1111835.0
1114063.0
1114211.0
1115074.0
1117816.0
1118599.0
1118884.0
1119737.0
1120945.0
1121635.0
1123042.0
1123258.0
1126856.0
1127133.0
1128023.0
1129503.0
1129864.0
1131190.0
1131883.0
1135540.0
1136739.0
1137793.0
1138060.0
1138586.0
1138704.0
1140110.0
1141338.0
1142232.0
1142367.0
1142458.0
1143748.0
1143959.0
1145316.0
1145992.0
1149485.0
1149730.0
1150502.0
1152238.0
1153921.0
1154758.0
1156209.0
1156718.0
1157712.0
1158284.0
1158877.0
1159937.0
1160599.0
1160804.0
1161450.0
1162143.0
1163331.0
1163586.0
1164263.0
1167773.0
1169656.0
1171155.0
1171778.0
1171807.0
1171956.0
1172130.0
1172400.0
1173757.0
1176690.0
1178046.0
1182960.0
1184986.0
1185097.0
1185541.0
1190504.0
1190897.0
1191335.0
1191771.0
1191939.0
1194626.0
1195453.0
1197317.0
1197891.0
1198242.0
1198501.0
1198684.0
1199745.0
1200459.0
1202575.0
1202958.0
1203979.0
1206555.0
1206571.0
1206951.0
1208503.0
1208771.0
1208917.0
1209271.0
1209358.0
1212598.0
1212962.0
1215500.0
1216073.0
1216313.0
1216823.0
1216824.0
1217324.0
1218596.0
1219757.0
1220050.0
1221564.0
1221996.0
1223480.0
1224169.0
1224197.0
1226873.0
1227713.0
1227984.0
1228527.0
1228551.0
1228585.0
1230482.0
1232480.0
1232556.0
1233992.0
1234376.0
1234570.0
1235822.0
1236056.0
1236212.0
1236376.0
1236751.0
1236858.0
1236917.0
1237311.0
1238632.0
1238915.0
1242050.0
1242722.0
1244514.0
1245382.0
1246132.0
1246615.0
1247359.0
1247986.0
1248103.0
1249584.0
1249587.0
1249662.0
1251188.0
1252336.0
1254378.0
1254749.0
1255487.0
1257623.0
1258462.0
1259732.0
1259735.0
1260107.0
1260781.0
1261372.0
1262107.0
1262445.0
1262698.0
1264525.0
1264699.0
1265518.0
1265521.0
1265903.0
1269813.0
1271278.0
1271870.0
1272640.0
1272915.0
1273257.0
1274591.0
1275569.0
1275948.0
1277636.0
1280568.0
1281475.0
1281820.0
1284172.0
1285117.0
1286648.0
1288259.0
1289846.0
1290506.0
1290934.0
1290976.0
1292886.0
1293326.0
1294240.0
1294778.0
1296107.0
1296597.0
1297536.0
1298039.0
1299978.0
1300846.0
1301332.0
1301610.0
1302981.0
1304517.0
1305523.0
1305908.0
1306610.0
1309763.0
1310233.0
1310444.0
1311447.0
1311685.0
1312005.0
1314213.0
1315360.0
1318593.0
1318746.0
1319183.0
1320114.0
1320560.0
1323201.0
1323809.0
1324968.0
1325574.0
1326313.0
1326349.0
1326367.0
1326472.0
1328021.0
1328714.0
1328792.0
1330406.0
1331559.0
1332322.0
1333122.0
1333857.0
1335854.0
1337923.0
1338611.0
1340057.0
1341633.0
1343330.0
1343517.0
1343833.0
1344174.0
1344525.0
1344546.0
1345868.0
1346400.0
1347183.0
1348076.0
1348584.0
1349371.0
1349395.0
1349733.0
1351385.0
1351633.0
1352402.0
1352714.0
1352999.0
1356031.0
1356407.0
1359001.0
1359172.0
1359487.0
1360116.0
1360875.0
1361167.0
1364107.0
1364344.0
1366376.0
1367478.0
1368545.0
1369365.0
1369699.0
1370110.0
1370584.0
1370875.0
1374170.0
1374288.0
1377857.0
1378678.0
1378848.0
1380525.0
1380685.0
1380789.0
1381354.0
1381864.0
1382366.0
1383287.0
1383775.0
1384410.0
1386118.0
1389950.0
1390287.0
1393425.0
1393461.0
1393944.0
1394235.0
1395493.0
1395501.0
1395512.0
1396089.0
1397808.0
1397860.0
1398053.0
1402233.0
1406454.0
1406782.0
1407189.0
1408388.0
1408462.0
1410728.0
1412188.0
1412562.0
1413859.0
1415307.0
1415674.0
1417647.0
1418186.0
1418570.0
1418971.0
1419680.0
1422551.0
1422567.0
1423362.0
1423908.0
1423909.0
1427160.0
1427824.0
1428273.0
1430428.0
1432081.0
1433879.0
1434910.0
1435191.0
1435464.0
1436148.0
1436418.0
1437589.0
1438320.0
1439221.0
1440502.0
1440882.0
1442689.0
1443876.0
1444253.0
1448054.0
1448217.0
1448605.0
1449539.0
1454338.0
1456508.0
1458005.0
1458087.0
1458301.0
1458581.0
1460078.0
1464849.0
1465605.0
1465636.0
1467293.0
1468962.0
1469256.0
1469335.0
1469608.0
1471569.0
1474027.0
1474468.0
1475107.0
1477359.0
1480170.0
1482093.0
1482129.0
1482261.0
1484937.0
1487281.0
1490465.0
1490749.0
1491222.0
1491317.0
1492035.0
1493705.0
1494659.0
1495217.0
1495825.0
1497257.0
1497323.0
1497440.0
1501675.0
1503363.0
1503961.0
1505546.0
1508615.0
1509844.0
1510549.0
1510894.0
1511951.0
1512051.0
1513558.0
1513822.0
1517274.0
1518803.0
1519010.0
1519270.0
1519522.0
1519701.0
1521555.0
1523952.0
1525767.0
1530841.0
1535661.0
1536027.0
1537015.0
1537988.0
1539246.0
1542139.0
1542733.0
1543340.0
1543540.0
1547990.0
1549428.0
1549816.0
1550010.0
1550357.0
1550503.0
1551516.0
1551806.0
1553024.0
1556052.0
1556689.0
1556922.0
1558371.0
1560314.0
1560831.0
1560883.0
1562998.0
1564626.0
1566586.0
1567536.0
1571676.0
1571854.0
1572419.0
1573228.0
1573721.0
1573893.0
1574787.0
1574897.0
1576126.0
1576292.0
1577652.0
1577972.0
1579012.0
1579661.0
1580093.0
1581432.0
1581685.0
1581727.0
1581750.0
1582251.0
1582425.0
1583134.0
1584584.0
1587124.0
1587938.0
1588961.0
1589010.0
1589540.0
1590562.0
1590838.0
1592054.0
1592709.0
1593047.0
1593231.0
1593335.0
1593646.0
1594273.0
1595190.0
1601937.0
1602004.0
1602786.0
1602974.0
1603543.0
1603948.0
1609256.0
1610087.0
1610326.0
1610954.0
1612727.0
1613193.0
1613523.0
1614064.0
1614588.0
1614851.0
1615998.0
1616135.0
1616465.0
1617177.0
1617241.0
1618010.0
1618308.0
1619008.0
1620519.0
1621219.0
1623188.0
1623800.0
1624932.0
1627188.0
1628575.0
1629196.0
1629268.0
1629277.0
1630451.0
1631847.0
1632126.0
1632527.0
1632779.0
1633531.0
1633547.0
1633702.0
1634931.0
1635681.0
1640863.0
1641690.0
1643755.0
1643886.0
1645449.0
1646748.0
1648115.0
1650823.0
1655600.0
1655884.0
1656750.0
1661311.0
1661370.0
1661421.0
1661883.0
1662658.0
1662783.0
1663113.0
1664546.0
1664861.0
1668418.0
1669585.0
1669677.0
1670370.0
1670695.0
1671605.0
1672445.0
1672577.0
1673610.0
1676285.0
1677784.0
1677793.0
1677918.0
1677934.0
1678476.0
1678553.0
1680902.0
1681090.0
1681364.0
1682405.0
1682661.0
1682985.0
1683207.0
1683631.0
1683761.0
1684495.0
1684789.0
1685232.0
1685687.0
1688400.0
1689281.0
1689996.0
1691359.0
1692505.0
1693568.0
1693705.0
1694693.0
1694954.0
1695029.0
1695048.0
1696479.0
1696731.0
1698353.0
1699343.0
1699590.0
1700158.0
1700604.0
1701224.0
1701812.0
1702166.0
1702339.0
1702450.0
1702862.0
1703201.0
1703346.0
1705011.0
1708245.0
1708828.0
1708966.0
1711828.0
1713710.0
1714544.0
1716448.0
1719440.0
1719653.0
1720519.0
1720978.0
1725893.0
1725996.0
1727347.0
1731436.0
1733077.0
1733730.0
1734490.0
1735277.0
1736836.0
1737916.0
1740051.0
1740337.0
1740494.0
1746028.0
1747129.0
1748524.0
1748999.0
1750533.0
1751188.0
1751722.0
1754160.0
1756550.0
1756856.0
1758671.0
1760696.0
1761918.0
1762033.0
1762322.0
1764204.0
1764366.0
1764963.0
1765164.0
1765865.0
1766531.0
1766770.0
1766820.0
1766886.0
1767986.0
1768717.0
1769548.0
1771103.0
1771969.0
1773126.0
1775525.0
1776003.0
1778878.0
1779422.0
1779537.0
1779835.0
1779891.0
1780658.0
1784797.0
1786928.0
1787499.0
1789642.0
1791651.0
1791825.0
1793547.0
1793843.0
1794707.0
1795954.0
1797046.0
1800271.0
1801864.0
1804444.0
1806868.0
1806904.0
1808929.0
1809097.0
1811128.0
1811927.0
1813283.0
1813604.0
1813738.0
1814589.0
1814628.0
1817495.0
1817854.0
1818058.0
1818268.0
1820271.0
1820699.0
1821264.0
1823932.0
1826919.0
1827719.0
1830893.0
1830990.0
1831600.0
1831915.0
1832291.0
1832313.0
1832836.0
1835288.0
1837008.0
1840033.0
1840912.0
1841060.0
1841774.0
1843090.0
1845652.0
1847872.0
1848438.0
1848558.0
1848767.0
1850472.0
1850855.0
1851043.0
1851793.0
1852227.0
1853017.0
1853349.0
1854234.0
1855324.0
1855476.0
1856664.0
1856951.0
1857859.0
1859049.0
1859058.0
1859196.0
1859199.0
1860572.0
1861926.0
1863242.0
1865082.0
1866378.0
1866544.0
1866909.0
1867502.0
1868488.0
1870433.0
1871134.0
1874560.0
1875653.0
1875779.0
1875919.0
1875977.0
1876183.0
1876195.0
1876883.0
1877653.0
1878944.0
1879619.0
1881264.0
1882836.0
1883624.0
1885968.0
1886940.0
1888396.0
1889197.0
1889893.0
1890247.0
1890423.0
1890777.0
1893276.0
1894899.0
1896237.0
1896371.0
1896694.0
1897912.0
1899004.0
1907005.0
1908271.0
1908803.0
1910158.0
1911269.0
1911335.0
1911482.0
1911776.0
1912358.0
1912690.0
1912801.0
1912927.0
1913617.0
1913749.0
1913834.0
1914214.0
1915529.0
1915619.0
1916336.0
1916422.0
1916602.0
1918498.0
1918625.0
1918807.0
1920862.0
1922819.0
1927159.0
1928385.0
1928643.0
1931221.0
1931261.0
1932155.0
1932526.0
1932815.0
1934443.0
1935104.0
1936617.0
1937023.0
1937782.0
1938257.0
1940778.0
1942668.0
1943150.0
1946189.0
1947183.0
1947661.0
1947679.0
1950313.0
1951461.0
1954499.0
1954575.0
1954622.0
1955027.0
1956511.0
1956814.0
1958339.0
1959013.0
1961659.0
1962121.0
1962367.0
1964795.0
1964956.0
1966117.0
1969741.0
1971819.0
1972919.0
1973129.0
1974612.0
1975150.0
1977879.0
1978331.0
1980058.0
1980478.0
1980599.0
1981823.0
1983904.0
1984129.0
1984227.0
1984377.0
1984477.0
1985862.0
1986872.0
1987378.0
1988302.0
1989084.0
1989272.0
1990388.0
1990816.0
1991966.0
1993047.0
1993654.0
1995205.0
1996381.0
2000434.0
2001907.0
2002910.0
2003650.0
2004025.0
2004238.0
2006417.0
2006639.0
2006932.0
2007294.0
2008430.0
2008557.0
2008715.0
2009492.0
2010136.0
2010392.0
2011827.0
2013276.0
2015717.0
2016099.0
2018268.0
2019080.0
2020684.0
2021000.0
2024013.0
2025645.0
2026243.0
2026415.0
2026912.0
2028397.0
2030807.0
2031117.0
2031535.0
2033263.0
2034820.0
2035702.0
2037476.0
2038845.0
2039388.0
2040657.0
2042952.0
2045586.0
2048027.0
2049032.0
2049744.0
2049880.0
2050593.0
2052433.0
2052532.0
2055269.0
2055683.0
2055752.0
2056143.0
2056383.0
2056673.0
2062060.0
2063273.0
2063439.0
2063613.0
2063796.0
2064422.0
2065982.0
2066211.0
2066660.0
2067093.0
2067641.0
2070056.0
2070071.0
2070114.0
2071870.0
2072298.0
2076179.0
2077909.0
2078003.0
2078804.0
2080668.0
2084357.0
2088463.0
2089641.0
2091446.0
2091803.0
2091813.0
2092206.0
2092522.0
2092860.0
2092913.0
2094221.0
2094235.0
2095716.0
2095958.0
2096217.0
2096261.0
2097042.0
2097586.0
2097931.0
2097993.0
2101069.0
2102082.0
2104369.0
2105888.0
2107529.0
2107955.0
2109857.0
2110219.0
2111125.0
2112689.0
2113336.0
2113850.0
2115081.0
2115122.0
2115614.0
2115864.0
2117433.0
2119528.0
2119665.0
2121244.0
2121377.0
2121937.0
2123417.0
2124179.0
2124385.0
2125312.0
2126009.0
2127479.0
2127515.0
2128182.0
2128807.0
2129157.0
2130293.0
2130329.0
2131625.0
2132408.0
2133570.0
2134078.0
2135347.0
2137155.0
2137713.0
2137996.0
2139883.0
2140317.0
2141061.0
2141803.0
2143058.0
2145373.0
2145886.0
2145956.0
2146436.0
2147552.0
2148122.0
2148411.0
2148703.0
2148754.0
2150682.0
2150730.0
2150962.0
2151155.0
2151387.0
2153668.0
2155096.0
2159288.0
2160186.0
2163551.0
2165039.0
2166477.0
2167328.0
2167474.0
2169067.0
2170967.0
2171586.0
2172968.0
2174345.0
2175911.0
2180270.0
2181682.0
2182447.0
2183284.0
2184835.0
2186234.0
2186476.0
2187200.0
2187523.0
2188297.0
2189177.0
2189735.0
2190222.0
2191517.0
2192374.0
2193187.0
2193291.0
2193736.0
2194253.0
2194908.0
2195382.0
2195555.0
2197902.0
2198288.0
2199605.0
2199633.0
2200153.0
2200548.0
2200572.0
2201975.0
2202069.0
2202976.0
2203398.0
2203707.0
2204213.0
2204336.0
2204448.0
2204882.0
2207255.0
2207660.0
2208994.0
2209189.0
2209677.0
2209886.0
2211955.0
2212932.0
2213448.0
2214127.0
2216058.0
2216836.0
2216922.0
2217305.0
2218557.0
2218675.0
2219246.0
2221248.0
2221679.0
2222256.0
2222492.0
2222613.0
2228065.0
2230986.0
2231930.0
2232373.0
2233265.0
2233575.0
2236842.0
2237220.0
2237313.0
2239694.0
2240262.0
2240553.0
2240702.0
2242038.0
2242516.0
2242516.0
2244290.0
2245519.0
2246337.0
2246465.0
2246892.0
2247685.0
2247793.0
2249319.0
2249514.0
2251514.0
2252724.0
2252743.0
2253613.0
2254546.0
2254661.0
2255064.0
2256087.0
2256135.0
2257604.0
2257755.0
2258910.0
2259064.0
2259251.0
2260048.0
2260457.0
2260560.0
2260925.0
2261041.0
2261308.0
2263109.0
2263348.0
2263453.0
2264904.0
2266346.0
2266518.0
2267201.0
2268040.0
2270556.0
2270855.0
2271411.0
2271995.0
2274551.0
2275186.0
2276214.0
2276701.0
2277742.0
2277879.0
2278555.0
2279762.0
2279769.0
2283030.0
2283247.0
2284085.0
2285717.0
2288110.0
2288229.0
2288921.0
2290179.0
2290719.0
2290820.0
2291956.0
2293104.0
2293401.0
2295444.0
2296866.0
2297513.0
2298956.0
2301135.0
2301449.0
2304484.0
2306141.0
2306848.0
2308529.0
2308597.0
2312650.0
2313291.0
2314586.0
2315444.0
2316481.0
2316985.0
2320615.0
2324092.0
2326023.0
2329842.0
2334371.0
2334510.0
2334649.0
2334659.0
2334851.0
2335241.0
2336927.0
2337638.0
2337717.0
2338696.0
2338765.0
2340119.0
2340774.0
2343989.0
2344795.0
2345647.0
2345708.0
2347416.0
2351524.0
2351874.0
2352112.0
2353410.0
2354226.0
2354402.0
2355076.0
2355716.0
2355930.0
2356475.0
2356885.0
2358434.0
2358768.0
2358783.0
2360173.0
2360424.0
2360610.0
2360687.0
2360956.0
2362161.0
2366797.0
2367962.0
2368643.0
2372688.0
2374591.0
2375302.0
2375419.0
2377387.0
2377924.0
2379104.0
2379188.0
2380963.0
2382052.0
2382576.0
2384230.0
2384289.0
2384566.0
2385941.0
2388239.0
2388815.0
2391687.0
2392749.0
2392899.0
2394194.0
2394330.0
2395097.0
2397637.0
2397740.0
2397839.0
2398648.0
2398902.0
2398946.0
2399998.0
2401021.0
2401264.0
2401951.0
2402025.0
2402099.0
2404033.0
2404817.0
2405131.0
2410568.0
2410705.0
2411730.0
2414831.0
2416897.0
2417514.0
2419605.0
2422399.0
2422566.0
2422853.0
2423534.0
2423706.0
2425732.0
2425993.0
2426210.0
2426982.0
2427010.0
2427111.0
2427415.0
2427606.0
2431020.0
2431697.0
2432207.0
2433247.0
2433605.0
2435125.0
2435320.0
2440473.0
2446213.0
2446399.0
2446463.0
2448906.0
2449134.0
2450143.0
2450183.0
2450986.0
2452760.0
2452886.0
2454694.0
2455160.0
2456614.0
2456666.0
2457145.0
2457838.0
2458094.0
2458786.0
2460449.0
2460604.0
2462321.0
2462910.0
2463286.0
2464152.0
2464935.0
2466350.0
2466469.0
2466921.0
2468774.0
2469644.0
2470429.0
2471335.0
2473441.0
2474873.0
2475004.0
2477487.0
2479386.0
2480719.0
2481076.0
2483799.0
2484288.0
2484304.0
2486374.0
2487868.0
2488174.0
2489717.0
2490326.0
2490399.0
2492382.0
2492740.0
2493381.0
2494123.0
2494661.0
2496084.0
2496127.0
2497107.0
2498313.0
2499943.0
2500614.0
2501401.0
2501983.0
2502433.0
2503500.0
2506494.0
2506582.0
2507608.0
2508205.0
2509669.0
2510300.0
2511572.0
2513848.0
2514003.0
2514522.0
2514688.0
2515890.0
2518344.0
2519535.0
2520682.0
2521005.0
2521230.0
2521836.0
2524173.0
2524472.0
2524477.0
2524492.0
2526705.0
2528578.0
2531106.0
2532345.0
2533686.0
2534256.0
2535094.0
2536737.0
2536837.0
2537850.0
2538384.0
2540278.0
2540934.0
2541352.0
2542543.0
2544213.0
2544874.0
2544929.0
2545541.0
2545707.0
2546548.0
2547299.0
2547902.0
2548308.0
2550486.0
2552287.0
2552838.0
2552848.0
2553048.0
2554529.0
2555003.0
2558293.0
2560444.0
2560489.0
2560793.0
2561191.0
2562064.0
2563837.0
2564240.0
2565412.0
2566182.0
2568780.0
2570809.0
2571131.0
2571229.0
2572751.0
2573187.0
2573539.0
2574505.0
2577440.0
2578596.0
2582414.0
2583020.0
2584576.0
2586078.0
2588420.0
2588684.0
2591224.0
2591309.0
2592784.0
2593680.0
2593922.0
2595682.0
2597641.0
2597727.0
2598704.0
2599062.0
2600507.0
2602441.0
2602481.0
2603042.0
2605642.0
2606280.0
2608666.0
2609091.0
2609124.0
2609668.0
2611419.0
2611616.0
2613141.0
2613567.0
2614442.0
2615232.0
2615747.0
2616760.0
2617241.0
2617604.0
2617728.0
2617802.0
2617974.0
2618108.0
2622857.0
2623478.0
2623650.0
2624162.0
2624744.0
2626402.0
2627053.0
2627470.0
2628810.0
2628828.0
2629572.0
2630538.0
2631120.0
2634528.0
2636250.0
2637431.0
2638196.0
2638981.0
2639462.0
2639651.0
2639716.0
2640547.0
2642771.0
2643290.0
2644162.0
2644620.0
2644696.0
2645220.0
2647303.0
2649848.0
2649872.0
2651116.0
2651669.0
2653192.0
2653252.0
2653854.0
2654529.0
2656315.0
2658502.0
2658579.0
2659704.0
2660514.0
2662872.0
2663056.0
2664502.0
2664803.0
2666679.0
2666959.0
2667093.0
2667142.0
2668966.0
2669915.0
2671683.0
2672167.0
2674020.0
2674745.0
2674955.0
2677044.0
2677288.0
2677772.0
2678401.0
2678601.0
2678614.0
2681187.0
2684143.0
2684619.0
2685491.0
2686161.0
2690170.0
2690884.0
2693651.0
2693976.0
2694714.0
2694840.0
2695785.0
2697330.0
2698582.0
2699516.0
2700257.0
2700680.0
2701175.0
2701949.0
2702071.0
2702508.0
2704358.0
2704603.0
2705068.0
2705104.0
2707506.0
2707534.0
2707810.0
2708555.0
2708915.0
2709248.0
2710473.0
2711243.0
2711919.0
2712775.0
2714520.0
2716183.0
2717483.0
2718976.0
2719549.0
2719571.0
2719747.0
2719767.0
2720833.0
2721020.0
2721609.0
2721660.0
2722907.0
2722950.0
2723139.0
2724870.0
2726014.0
2726359.0
2727463.0
2728322.0
2728848.0
2730094.0
2732577.0
2732833.0
2733159.0
2733850.0
2734017.0
2735550.0
2736333.0
2737008.0
2737622.0
2737702.0
2738376.0
2739210.0
2740217.0
2740727.0
2741929.0
2741972.0
2742392.0
2744002.0
2745305.0
2745458.0
2746488.0
2746673.0
2746770.0
2747092.0
2748604.0
2749688.0
2750459.0
2752045.0
2752554.0
2753738.0
2755019.0
2755259.0
2755798.0
2756744.0
2756797.0
2756961.0
2756964.0
2757634.0
2760767.0
2761130.0
2762898.0
2763047.0
2766836.0
2766854.0
2767382.0
2769316.0
2769495.0
2769768.0
2770225.0
2775886.0
2776608.0
2777616.0
2777925.0
2779868.0
2780302.0
2781257.0
2782432.0
2782868.0
2783034.0
2784822.0
2785522.0
2787402.0
2787499.0
2788952.0
2789905.0
2789930.0
2791666.0
2791669.0
2793537.0
2794853.0
2794870.0
2799145.0
2799554.0
2799859.0
2802414.0
2808171.0
2809111.0
2810299.0
2810613.0
2812156.0
2813458.0
2813759.0
2814162.0
2814800.0
2815535.0
2816210.0
2816953.0
2817472.0
2818108.0
2818343.0
2820983.0
2821393.0
2821958.0
2822016.0
2822584.0
2823533.0
2829471.0
2830053.0
2831098.0
2831429.0
2833108.0
2833262.0
2836920.0
2837019.0
2837728.0
2840061.0
2840224.0
2841392.0
2841527.0
2842630.0
2842730.0
2843191.0
2843505.0
2844284.0
2845946.0
2847150.0
2847229.0
2847777.0
2848148.0
2848704.0
2849769.0
2850086.0
2850599.0
2851599.0
2854210.0
2855220.0
2856445.0
2857696.0
2859770.0
2860440.0
2862900.0
2864160.0
2865570.0
2865710.0
2867237.0
2872311.0
2872414.0
2877599.0
2879725.0
2880082.0
2882151.0
2882246.0
2883433.0
2883696.0
2883989.0
2884129.0
2886727.0
2887237.0
2887610.0
2888705.0
2890676.0
2890875.0
2891403.0
2891593.0
2891882.0
2893680.0
2895005.0
2895375.0
2897056.0
2897765.0
2897877.0
2898270.0
2898354.0
2898431.0
2898865.0
2899645.0
2900622.0
2903137.0
2905781.0
2905791.0
2906802.0
2908116.0
2908193.0
2908953.0
2911392.0
2913303.0
2914056.0
2914223.0
2915676.0
2916442.0
2916552.0
2918857.0
2920038.0
2923039.0
2923743.0
2925526.0
2927279.0
2929341.0
2931428.0
2932097.0
2932826.0
2933517.0
2936925.0
2937311.0
2940078.0
2940236.0
2942048.0
2942645.0
2943222.0
2944343.0
2944724.0
2947511.0
2949976.0
2950148.0
2950256.0
2951006.0
2952376.0
2952515.0
2953612.0
2953879.0
2954935.0
2955523.0
2956010.0
2956163.0
2958830.0
2960075.0
2961504.0
2961527.0
2962236.0
2962798.0
2964326.0
2968992.0
2969507.0
2970625.0
2971977.0
2972367.0
2973173.0
2973938.0
2974108.0
2974244.0
2975111.0
2975686.0
2976072.0
2979138.0
2980022.0
2981667.0
2983299.0
2985479.0
2986670.0
2987323.0
2989279.0
2990499.0
2992039.0
2993115.0
2993770.0
2997140.0
2997610.0
2998326.0
2999639.0
3000707.0
3003141.0
3006065.0
3006097.0
3006346.0
3006944.0
3008420.0
3009723.0
3009914.0
3015790.0
3018121.0
3018151.0
3020194.0
3021224.0
3021317.0
3021330.0
3022015.0
3022129.0
3023718.0
3024039.0
3024675.0
3026672.0
3027239.0
3029857.0
3032200.0
3032488.0
3033973.0
3035487.0
3036939.0
3037603.0
3038750.0
3039290.0
3039802.0
3041200.0
3041575.0
3041906.0
3044354.0
3044447.0
3044896.0
3045889.0
3049008.0
3050940.0
3052829.0
3054296.0
3055388.0
3055775.0
3055941.0
3056200.0
3057081.0
3057314.0
3057867.0
3057925.0
3059208.0
3059939.0
3060156.0
3061043.0
3061722.0
3062783.0
3065752.0
3066709.0
3068449.0
3070758.0
3072482.0
3073755.0
3073896.0
3075597.0
3076319.0
3077965.0
3078458.0
3081989.0
3082421.0
3085015.0
3085149.0
3085923.0
3086079.0
3088790.0
3088996.0
3089843.0
3091202.0
3092229.0
3095502.0
3096061.0
3096870.0
3097358.0
3097958.0
3099944.0
3100588.0
3100594.0
3100935.0
3102241.0
3106281.0
3107901.0
3108293.0
3109835.0
3110542.0
3111125.0
3111961.0
3114285.0
3114571.0
3114820.0
3115033.0
3116672.0
3116714.0
3117788.0
3118608.0
3119300.0
3121933.0
3123343.0
3123658.0
3124301.0
3125834.0
3127922.0
3128263.0
3128939.0
3130699.0
3131544.0
3132494.0
3133193.0
3134434.0
3134567.0
3134624.0
3134729.0
3136437.0
3137345.0
3138849.0
3139070.0
3139202.0
3141277.0
3141288.0
3142231.0
3142248.0
3142341.0
3143434.0
3146854.0
3147314.0
3147403.0
3147928.0
3148514.0
3149662.0
3151121.0
3154206.0
3156699.0
3156778.0
3158647.0
3159161.0
3160157.0
3161034.0
3161503.0
3162063.0
3162072.0
3162944.0
3163282.0
3164076.0
3165858.0
3166860.0
3168255.0
3168548.0
3169077.0
3172391.0
3173477.0
3173716.0
3176768.0
3177007.0
3177087.0
3177704.0
3180788.0
3181242.0
3181475.0
3181896.0
3183092.0
3185494.0
3185543.0
3186006.0
3186449.0
3186597.0
3186875.0
3187033.0
3187784.0
3188512.0
3188851.0
3189895.0
3195001.0
3195286.0
3195294.0
3195600.0
3195826.0
3197015.0
3197755.0
3197852.0
3199539.0
3199676.0
3199878.0
3201911.0
3202291.0
3203317.0
3204467.0
3205100.0
3205613.0
3205649.0
3207970.0
3208703.0
3209564.0
3212890.0
3214547.0
3217188.0
3217257.0
3218784.0
3220309.0
3220809.0
3221334.0
3223319.0
3226608.0
3227996.0
3228219.0
3228983.0
3229526.0
3229572.0
3231081.0
3234150.0
3234554.0
3236476.0
3237059.0
3239285.0
3240555.0
3240648.0
3241154.0
3242468.0
3243330.0
3243447.0
3244397.0
3244818.0
3246365.0
3246777.0
3247337.0
3249439.0
3249753.0
3249787.0
3253395.0
3253415.0
3253606.0
3254974.0
3255999.0
3258856.0
3259635.0
3261435.0
3262009.0
3263114.0
3263673.0
3264214.0
3264305.0
3264896.0
3265411.0
3266233.0
3266888.0
3267053.0
3267056.0
3267194.0
3267203.0
3268278.0
3269568.0
3270089.0
3272114.0
3272643.0
3272733.0
3273703.0
3276341.0
3278375.0
3278764.0
3279914.0
3281637.0
3282518.0
3282630.0
3284445.0
3284558.0
3285644.0
3286808.0
3289442.0
3291488.0
3292397.0
3293302.0
3293613.0
3294214.0
3294253.0
3294744.0
3294800.0
3294802.0
3295615.0
3295897.0
3295931.0
3295942.0
3298118.0
3298842.0
3299017.0
3299911.0
3300330.0
3302505.0
3306164.0
3306378.0
3306735.0
3307345.0
3308164.0
3308553.0
3308570.0
3309029.0
3310492.0
3312941.0
3313052.0
3313399.0
3314354.0
3316926.0
3321473.0
3322065.0
3324515.0
3325416.0
3325661.0
3326085.0
3326384.0
3328041.0
3328749.0
3329198.0
3329475.0
3330200.0
3330975.0
3331861.0
3332407.0
3332852.0
3332919.0
3333000.0
3333227.0
3333460.0
3333866.0
3335167.0
3335770.0
3335781.0
3336545.0
3337324.0
3338950.0
3339803.0
3339909.0
3340166.0
3340290.0
3343786.0
3344880.0
3345713.0
3345980.0
3346481.0
3347901.0
3350619.0
3351826.0
3353451.0
3354677.0
3354703.0
3356620.0
3356761.0
3358141.0
3359020.0
3360425.0
3361496.0
3361835.0
3363423.0
3365322.0
3365982.0
3366582.0
3366894.0
3367321.0
3369053.0
3369301.0
3369851.0
3370843.0
3371238.0
3371301.0
3373517.0
3374554.0
3374699.0
3375440.0
3377154.0
3380215.0
3381297.0
3383703.0
3384969.0
3386556.0
3389665.0
3392236.0
3392858.0
3393136.0
3395114.0
3398261.0
3398988.0
3400233.0
3401000.0
3401141.0
3401568.0
3401743.0
3403469.0
3404224.0
3405504.0
3407080.0
3407998.0
3408742.0
3410140.0
3410954.0
3412411.0
3412716.0
3413319.0
3415012.0
3417368.0
3419820.0
3421774.0
3422309.0
3422362.0
3422430.0
3422437.0
3424698.0
3424822.0
3424960.0
3427591.0
3429578.0
3430499.0
3431204.0
3432698.0
3433173.0
3433308.0
3435761.0
3436424.0
3436760.0
3437599.0
3438056.0
3439764.0
3439907.0
3440347.0
3442268.0
3444444.0
3444835.0
3445153.0
3445584.0
3446429.0
3446773.0
3449649.0
3450092.0
3450244.0
3451209.0
3452088.0
3453326.0
3453613.0
3455754.0
3456760.0
3457081.0
3457621.0
3458781.0
3458869.0
3461087.0
3462295.0
3463508.0
3463600.0
3463724.0
3465048.0
3466295.0
3466604.0
3466920.0
3467671.0
3468021.0
3468900.0
3470689.0
3471726.0
3472919.0
3473403.0
3473591.0
3474024.0
3476062.0
3476773.0
3477662.0
3478215.0
3478856.0
3478899.0
3479188.0
3479589.0
3479819.0
3480721.0
3480810.0
3480844.0
3481682.0
3481725.0
3482943.0
3483836.0
3485009.0
3485338.0
3488217.0
3489559.0
3490176.0
3490888.0
3491437.0
3491931.0
3492028.0
3492902.0
3495340.0
3495864.0
3495887.0
3496046.0
3496514.0
3497063.0
3497635.0
3497709.0
3497778.0
3498441.0
3502027.0
3502525.0
3504117.0
3504144.0
3505660.0
3507217.0
3507643.0
3509596.0
3509850.0
3510027.0
3510333.0
3512635.0
3513694.0
3513820.0
3516747.0
3517200.0
3517251.0
3517865.0
3518315.0
3518339.0
3518413.0
3519400.0
3520433.0
3523404.0
3523544.0
3526911.0
3528266.0
3529405.0
3532601.0
3534219.0
3534408.0
3534875.0
3535716.0
3536498.0
3537113.0
3537560.0
3539055.0
3540060.0
3540305.0
3542317.0
3542427.0
3543865.0
3543960.0
3544077.0
3544258.0
3544723.0
3544884.0
3545710.0
3547353.0
3547795.0
3548085.0
3551228.0
3552997.0
3554195.0
3555759.0
3555787.0
3557114.0
3559792.0
3561421.0
3562372.0
3563634.0
3564068.0
3564760.0
3564908.0
3566192.0
3566827.0
3567684.0
3567697.0
3567825.0
3568446.0
3568947.0
3569101.0
3569364.0
3569477.0
3569858.0
3569871.0
3570334.0
3571022.0
3571053.0
3571494.0
3571773.0
3572519.0
3573007.0
3573128.0
3574572.0
3576918.0
3576994.0
3577534.0
3577795.0
3578870.0
3579200.0
3579654.0
3580888.0
3581226.0
3581282.0
3583544.0
3584999.0
3586910.0
3587750.0
3587835.0
3588836.0
3588964.0
3589201.0
3589428.0
3589448.0
3591343.0
3591802.0
3592195.0
3593248.0
3593487.0
3595102.0
3596615.0
3596762.0
3598289.0
3598341.0
3599335.0
3600959.0
3601313.0
3603558.0
3605873.0
3606478.0
3607318.0
3607527.0
3609020.0
3609291.0
3609545.0
3610552.0
3611055.0
3611583.0
3612319.0
3612379.0
3613018.0
3613542.0
3614046.0
3614891.0
3615051.0
3615219.0
3615483.0
3615555.0
3615790.0
3616428.0
3617571.0
3618618.0
3619495.0
3620608.0
3620850.0
3622588.0
3622824.0
3623287.0
3623430.0
3624049.0
3624703.0
3626001.0
3626840.0
3627364.0
3627708.0
3628403.0
3629778.0
3629851.0
3630631.0
3631662.0
3632598.0
3632871.0
3634180.0
3634676.0
3635894.0
3638263.0
3638421.0
3639312.0
3639704.0
3639732.0
3640663.0
3641252.0
3641741.0
3641857.0
3642666.0
3643688.0
3644913.0
3645472.0
3649476.0
3651446.0
3652605.0
3653368.0
3654902.0
3655402.0
3655707.0
3655745.0
3658184.0
3660617.0
3662689.0
3663226.0
3665461.0
3665745.0
3667752.0
3668096.0
3669292.0
3669860.0
3670532.0
3670935.0
3672071.0
3672736.0
3673283.0
3674304.0
3674917.0
3677751.0
3677852.0
3678498.0
3679225.0
3680445.0
3680681.0
3681692.0
3683142.0
3685839.0
3689072.0
3690793.0
3691501.0
3692720.0
3692822.0
3692901.0
3694550.0
3695268.0
3696499.0
3698267.0
3700785.0
3702173.0
3703446.0
3703592.0
3703650.0
3704690.0
3705143.0
3705365.0
3711114.0
3714211.0
3714685.0
3717125.0
3717197.0
3717555.0
3718099.0
3719296.0
3719933.0
3720168.0
3720729.0
3722497.0
3729353.0
3730694.0
3733353.0
3737695.0
3738396.0
3739415.0
3739581.0
3739711.0
3740924.0
3741524.0
3743193.0
3747380.0
3747819.0
3749666.0
3750526.0
3754573.0
3756699.0
3757042.0
3757408.0
3761054.0
3761271.0
3763547.0
3763768.0
3767815.0
3768074.0
3768225.0
3769500.0
3769857.0
3774617.0
3774971.0
3778033.0
3778666.0
3779128.0
3779610.0
3780712.0
3781413.0
3782018.0
3785117.0
3786882.0
3787714.0
3789715.0
3789730.0
3791435.0
3791607.0
3791736.0
3792268.0
3792336.0
3792657.0
3793852.0
3793994.0
3794017.0
3795733.0
3796048.0
3796391.0
3796526.0
3797213.0
3798431.0
3800713.0
3801756.0
3804348.0
3806083.0
3806225.0
3806648.0
3806761.0
3807186.0
3807874.0
3808675.0
3808897.0
3808981.0
3809402.0
3810453.0
3810760.0
3810908.0
3811800.0
3812107.0
3814233.0
3814395.0
3816319.0
3816556.0
3818621.0
3821276.0
3822934.0
3823196.0
3824024.0
3824103.0
3824938.0
3825698.0
3826473.0
3829396.0
3831594.0
3832033.0
3832338.0
3833400.0
3833802.0
3836311.0
3838807.0
3842113.0
3842558.0
3844299.0
3844488.0
3844820.0
3845566.0
3845844.0
3847060.0
3847781.0
3848171.0
3850372.0
3851004.0
3851594.0
3853064.0
3858191.0
3858868.0
3859316.0
3859852.0
3861849.0
3862233.0
3862632.0
3863170.0
3864210.0
3865544.0
3865749.0
3866351.0
3866594.0
3866892.0
3866966.0
3870801.0
3871651.0
3873142.0
3873466.0
3873864.0
3874091.0
3877526.0
3878204.0
3878378.0
3878418.0
3878694.0
3880713.0
3882658.0
3884099.0
3884202.0
3885035.0
3885617.0
3886174.0
3886911.0
3888440.0
3892270.0
3892598.0
3893386.0
3893508.0
3894173.0
3895196.0
3895409.0
3895569.0
3896927.0
3897713.0
3898023.0
3898944.0
3899070.0
3899302.0
3900208.0
3900487.0
3900708.0
3904325.0
3904674.0
3906676.0
3907714.0
3907989.0
3909465.0
3909850.0
3910155.0
3910655.0
3910870.0
3911167.0
3911598.0
3912725.0
3913019.0
3914461.0
3915200.0
3915339.0
3916031.0
3916827.0
3918413.0
3918850.0
3919145.0
3919340.0
3924276.0
3925341.0
3928164.0
3928298.0
3928565.0
3929637.0
3931190.0
3934961.0
3936431.0
3938311.0
3938661.0
3939548.0
3940161.0
3941840.0
3942182.0
3942529.0
3946781.0
3948180.0
3951288.0
3952531.0
3952893.0
3953461.0
3956390.0
3957818.0
3959745.0
3959870.0
3960465.0
3960942.0
3964198.0
3965163.0
3965402.0
3965421.0
3965670.0
3965813.0
3966577.0
3966612.0
3968229.0
3968517.0
3969543.0
3969986.0
3970362.0
3971010.0
3971477.0
3972212.0
3972868.0
3973403.0
3976101.0
3976576.0
3977006.0
3978620.0
3979704.0
3980910.0
3981198.0
3981495.0
3983602.0
3984540.0
3984826.0
3985038.0
3985706.0
3985839.0
3986653.0
3987065.0
3988245.0
3988719.0
3989670.0
3991484.0
3992289.0
3992327.0
3993433.0
3995518.0
3996658.0
3997577.0
3997644.0
3998206.0
4002541.0
4003520.0
4004385.0
4005306.0
4005433.0
4005846.0
4008223.0
4008672.0
4009036.0
4009457.0
4010156.0
4010614.0
4011926.0
4012233.0
4012731.0
4014453.0
4015315.0
4015910.0
4015986.0
4016450.0
4017376.0
4018273.0
4019680.0
4019721.0
4019980.0
4022791.0
4025254.0
4025705.0
4027331.0
4028216.0
4028733.0
4032136.0
4032718.0
4033324.0
4033626.0
4034297.0
4035411.0
4035764.0
4035834.0
4037156.0
4039798.0
4040412.0
4041715.0
4042227.0
4043061.0
4043201.0
4043205.0
4043274.0
4043528.0
4044526.0
4044902.0
4046071.0
4046517.0
4046628.0
4048999.0
4049578.0
4049921.0
4050028.0
4050408.0
4050747.0
4052429.0
4052845.0
4053236.0
4053256.0
4053379.0
4053493.0
4053867.0
4054458.0
4055399.0
4059619.0
4060827.0
4060846.0
4061520.0
4066820.0
4067579.0
4067944.0
4068054.0
4069187.0
4070401.0
4070767.0
4071703.0
4073282.0
4073579.0
4074138.0
4074295.0
4074675.0
4075446.0
4075865.0
4076666.0
4077113.0
4078684.0
4080295.0
4080690.0
4081825.0
4083989.0
4084255.0
4084565.0
4086236.0
4086339.0
4086718.0
4090416.0
4090913.0
4091586.0
4091895.0
4092149.0
4092474.0
4092767.0
4093670.0
4094038.0
4094867.0
4096484.0
4096730.0
4096914.0
4097272.0
4098795.0
4104936.0
4105680.0
4107522.0
4110808.0
4110954.0
4112295.0
4112550.0
4112657.0
4114124.0
4115571.0
4115643.0
4117053.0
4118466.0
4118598.0
4118929.0
4119813.0
4120019.0
4120712.0
4120950.0
4121344.0
4121534.0
4121629.0
4122857.0
4123084.0
4123747.0
4124888.0
4125557.0
4127154.0
4129670.0
4130101.0
4132121.0
4133331.0
4133914.0
4134130.0
4135304.0
4135697.0
4137752.0
4138315.0
4138513.0
4139338.0
4140411.0
4140569.0
4140870.0
4142216.0
4142945.0
4146053.0
4149853.0
4150284.0
4150354.0
4151438.0
4152051.0
4155374.0
4155762.0
4157460.0
4157957.0
4158103.0
4159051.0
4159975.0
4164726.0
4165060.0
4165434.0
4165535.0
4166095.0
4166657.0
4167643.0
4167833.0
4171495.0
4171518.0
4172327.0
4172425.0
4172471.0
4172623.0
4174815.0
4174921.0
4177298.0
4178054.0
4183666.0
4183878.0
4184700.0
4185073.0
4185611.0
4185853.0
4185919.0
4186875.0
4187408.0
4187733.0
4188202.0
4189939.0
4190684.0
4190813.0
4190849.0
4191570.0
4192038.0
4193217.0
4193249.0
4193373.0
4194583.0
4194752.0
4200041.0
4200421.0
4200757.0
4202560.0
4202679.0
4204952.0
4206453.0
4207171.0
4208242.0
4209414.0
4210154.0
4210262.0
4210477.0
4211099.0
4212109.0
4212173.0
4212291.0
4216074.0
4216338.0
4217398.0
4217495.0
4219802.0
4220623.0
4221017.0
4221078.0
4221095.0
4222701.0
4223291.0
4224788.0
4226666.0
4226969.0
4229173.0
4230915.0
4232102.0
4233286.0
4233888.0
4234096.0
4238176.0
4239634.0
4239695.0
4239766.0
4240345.0
4244255.0
4244963.0
4245936.0
4247043.0
4247044.0
4248052.0
4248189.0
4249711.0
4249818.0
4249842.0
4251185.0
4251303.0
4251578.0
4252575.0
4252731.0
4252954.0
4253082.0
4255181.0
4255346.0
4256121.0
4256880.0
4258758.0
4259354.0
4259795.0
4259965.0
4260034.0
4260299.0
4260837.0
4261019.0
4261476.0
4262884.0
4263598.0
4263930.0
4265877.0
4266161.0
4267328.0
4270657.0
4271145.0
4271168.0
4273711.0
4273881.0
4274761.0
4274915.0
4275492.0
4275624.0
4276110.0
4276879.0
4278370.0
4278962.0
4279077.0
4280892.0
4281024.0
4282640.0
4284973.0
4285204.0
4285289.0
4285592.0
4286313.0
4289339.0
4290333.0
4290590.0
4292431.0
4293868.0
4293916.0
4293973.0
4296307.0
4297804.0
4301341.0
4302122.0
4303661.0
4303949.0
4304307.0
4305528.0
4307496.0
4308358.0
4308530.0
4308781.0
4312310.0
4312511.0
4313371.0
4315391.0
4317074.0
4317664.0
4320843.0
4321376.0
4324915.0
4325169.0
4330022.0
4330824.0
4331639.0
4331967.0
4331993.0
4333375.0
4337168.0
4338027.0
4338300.0
4339002.0
4339607.0
4342460.0
4342483.0
4343072.0
4344044.0
4344321.0
4344505.0
4344764.0
4345727.0
4346267.0
4346885.0
4348033.0
4349702.0
4350256.0
4351601.0
4352443.0
4352751.0
4353587.0
4355484.0
4356051.0
4356160.0
4356883.0
4360407.0
4360953.0
4361228.0
4361438.0
4361979.0
4362934.0
4363600.0
4364940.0
4364948.0
4370035.0
4372382.0
4372397.0
4372623.0
4373101.0
4375892.0
4376253.0
4376970.0
4377022.0
4379278.0
4380080.0
4380299.0
4381346.0
4382426.0
4383335.0
4385793.0
4387501.0
4388596.0
4389199.0
4390639.0
4391840.0
4392111.0
4395286.0
4396293.0
4396843.0
4399026.0
4399349.0
4399903.0
4401366.0
4401634.0
4404117.0
4406127.0
4407418.0
4409160.0
4412251.0
4412757.0
4413093.0
4414109.0
4414638.0
4415869.0
4415931.0
4416980.0
4417962.0
4418168.0
4420676.0
4421129.0
4422355.0
4423304.0
4425866.0
4426198.0
4426609.0
4427143.0
4427679.0
4427743.0
4428748.0
4428837.0
4428840.0
4429550.0
4429683.0
4430227.0
4430579.0
4431200.0
4431301.0
4432734.0
4433428.0
4435342.0
4436228.0
4438075.0
4438397.0
4438772.0
4438967.0
4439463.0
4441836.0
4441922.0
4442963.0
4443290.0
4443601.0
4444716.0
4445978.0
4447326.0
4448337.0
4448628.0
4450560.0
4450984.0
4451061.0
4452990.0
4453225.0
4453447.0
4456012.0
4456635.0
4456988.0
4457491.0
4458258.0
4458712.0
4460572.0
4463667.0
4463694.0
4464002.0
4464224.0
4464350.0
4465602.0
4466444.0
4468565.0
4468886.0
4469989.0
4470518.0
4472807.0
4473655.0
4475143.0
4476532.0
4479489.0
4479889.0
4480854.0
4483055.0
4483120.0
4483803.0
4487221.0
4489262.0
4491824.0
4492383.0
4492419.0
4492575.0
4492745.0
4494415.0
4494523.0
4496175.0
4496518.0
4496773.0
4500527.0
4501963.0
4502329.0
4503274.0
4504558.0
4506851.0
4507445.0
4508151.0
4508434.0
4510576.0
4511777.0
4512224.0
4512639.0
4515565.0
4515800.0
4516504.0
4516593.0
4516879.0
4517730.0
4517932.0
4519281.0
4519385.0
4522700.0
4526447.0
4526511.0
4527044.0
4527311.0
4528270.0
4528633.0
4530397.0
4531042.0
4531126.0
4531251.0
4531407.0
4531458.0
4531539.0
4531645.0
4531733.0
4532154.0
4533228.0
4533771.0
4533842.0
4534500.0
4538402.0
4541190.0
4542168.0
4542780.0
4544507.0
4545955.0
4547734.0
4548875.0
4549534.0
4549687.0
4551347.0
4551544.0
4556553.0
4559171.0
4560652.0
4561339.0
4563434.0
4563833.0
4564852.0
4566396.0
4567414.0
4568005.0
4569795.0
4571462.0
4572406.0
4573890.0
4574520.0
4574652.0
4576272.0
4576985.0
4578163.0
4579708.0
4580127.0
4580429.0
4581982.0
4583798.0
4584147.0
4585994.0
4586075.0
4586324.0
4586427.0
4587111.0
4589382.0
4589594.0
4590060.0
4590544.0
4591123.0
4593731.0
4596762.0
4596841.0
4596924.0
4597363.0
4598353.0
4599828.0
4600479.0
4601971.0
4602657.0
4602744.0
4604357.0
4604747.0
4605402.0
4605489.0
4607421.0
4607536.0
4608651.0
4609144.0
4609197.0
4610121.0
4610366.0
4611376.0
4611974.0
4613104.0
4614074.0
4615035.0
4616295.0
4616764.0
4617318.0
4618214.0
4619455.0
4622337.0
4622742.0
4625434.0
4626134.0
4627587.0
4627707.0
4628663.0
4630401.0
4631765.0
4631773.0
4631833.0
4632872.0
4633568.0
4634001.0
4634283.0
4634844.0
4635589.0
4636021.0
4636729.0
4637697.0
4639556.0
4641258.0
4641829.0
4643410.0
4644793.0
4645054.0
4647189.0
4647571.0
4648242.0
4648417.0
4649107.0
4650146.0
4650556.0
4652114.0
4652362.0
4653012.0
4654404.0
4654729.0
4655589.0
4655618.0
4656535.0
4657503.0
4658333.0
4658829.0
4659781.0
4661792.0
4662132.0
4662219.0
4662355.0
4663422.0
4664423.0
4664582.0
4666343.0
4667739.0
4668334.0
4669499.0
4669727.0
4672533.0
4674103.0
4676161.0
4676476.0
4678421.0
4680947.0
4681027.0
4681153.0
4681232.0
4682921.0
4683310.0
4683365.0
4684678.0
4685242.0
4685876.0
4687018.0
4690295.0
4690899.0
4692012.0
4692048.0
4693728.0
4693854.0
4694192.0
4696922.0
4698938.0
4704515.0
4705055.0
4707925.0
4708103.0
4708390.0
4710293.0
4711190.0
4714817.0
4716606.0
4716902.0
4718244.0
4719015.0
4719640.0
4719967.0
4720540.0
4721266.0
4721315.0
4721603.0
4722014.0
4724897.0
4725574.0
4725826.0
4725832.0
4726794.0
4727122.0
4727412.0
4728243.0
4730794.0
4731568.0
4733236.0
4738361.0
4738775.0
4739376.0
4741386.0
4742659.0
4743407.0
4744143.0
4746833.0
4748861.0
4749696.0
4750230.0
4753770.0
4759686.0
4760364.0
4760410.0
4761204.0
4762284.0
4765213.0
4766099.0
4766294.0
4766399.0
4767019.0
4767281.0
4767795.0
4771222.0
4771613.0
4772317.0
4772833.0
4772851.0
4775270.0
4777365.0
4779147.0
4780913.0
4781062.0
4782081.0
4784358.0
4785261.0
4786208.0
4786486.0
4786519.0
4786891.0
4787192.0
4787394.0
4788500.0
4789216.0
4789698.0
4791774.0
4793614.0
4793791.0
4793842.0
4795085.0
4795101.0
4796961.0
4797184.0
4797236.0
4798300.0
4799355.0
4799616.0
4803176.0
4804136.0
4804834.0
4805753.0
4806878.0
4809529.0
4810670.0
4811227.0
4811448.0
4811601.0
4812399.0
4812781.0
4813549.0
4813713.0
4813932.0
4816052.0
4816342.0
4816662.0
4816927.0
4817614.0
4817975.0
4819065.0
4820478.0
4821341.0
4821936.0
4822138.0
4822215.0
4823748.0
4824498.0
4825403.0
4825634.0
4826807.0
4827027.0
4827396.0
4827707.0
4828061.0
4830258.0
4832677.0
4833347.0
4833789.0
4834020.0
4834491.0
4834651.0
4834824.0
4835475.0
4835511.0
4841142.0
4841244.0
4841612.0
4843662.0
4844906.0
4846302.0
4847854.0
4847989.0
4848752.0
4848847.0
4848899.0
4849824.0
4851077.0
4853781.0
4854476.0
4855636.0
4855934.0
4857209.0
4857217.0
4858547.0
4859193.0
4859848.0
4860879.0
4861598.0
4863448.0
4863576.0
4864084.0
4866399.0
4869697.0
4870359.0
4871137.0
4871298.0
4873974.0
4876372.0
4879710.0
4882957.0
4884595.0
4885143.0
4885520.0
4886087.0
4886473.0
4886618.0
4888866.0
4888879.0
4889825.0
4890011.0
4890644.0
4890841.0
4891005.0
4891487.0
4891920.0
4892669.0
4894712.0
4896228.0
4896492.0
4896661.0
4897970.0
4898148.0
4900992.0
4901144.0
4902559.0
4903709.0
4903894.0
4904910.0
4905417.0
4906998.0
4907375.0
4908174.0
4909124.0
4910499.0
4911320.0
4912065.0
4914796.0
4914837.0
4915109.0
4916479.0
4916599.0
4920757.0
4922716.0
4922833.0
4923003.0
4924026.0
4925210.0
4925734.0
4925796.0
4925888.0
4926318.0
4927041.0
4929536.0
4930813.0
4930820.0
4931263.0
4933706.0
4934570.0
4935430.0
4936422.0
4936756.0
4939576.0
4941205.0
4942743.0
4943308.0
4944009.0
4946048.0
4946331.0
4946469.0
4946644.0
4946654.0
4949196.0
4949510.0
4949848.0
4950673.0
4955281.0
4955778.0
4956315.0
4958274.0
4959819.0
4961385.0
4962441.0
4962807.0
4964809.0
4966916.0
4967211.0
4967515.0
4967806.0
4969708.0
4969741.0
4971311.0
4971584.0
4971670.0
4973345.0
4974804.0
4977810.0
4978601.0
4979885.0
4980234.0
4982085.0
4982529.0
4984443.0
4985420.0
4985494.0
4985789.0
4988483.0
4989887.0
4991228.0
4992763.0
4994107.0
4995090.0
4997465.0
4998685.0
4998999.0
4999058.0
4999554.0
5001610.0
5001652.0
5003233.0
5006239.0
5006727.0
5007165.0
5009421.0
5010157.0
5011423.0
5012219.0
5012847.0
5013371.0
5014948.0
5015573.0
5016018.0
5016383.0
5016726.0
5017354.0
5017410.0
5017532.0
5019810.0
5022118.0
5022385.0
5022786.0
5023190.0
5024989.0
5025494.0
5025712.0
5026124.0
5027476.0
5029286.0
5029342.0
5029408.0
5029496.0
5032574.0
5032673.0
5033953.0
5034373.0
5035034.0
5036304.0
5036322.0
5036818.0
5036868.0
5037304.0
5040024.0
5040344.0
5041399.0
5041855.0
5042360.0
5042625.0
5043541.0
5044845.0
5046422.0
5047284.0
5048081.0
5049017.0
5049967.0
5051380.0
5052296.0
5053643.0
5054063.0
5055635.0
5056437.0
5057910.0
5057995.0
5061585.0
5061950.0
5062523.0
5065086.0
5066587.0
5069927.0
5070311.0
5072651.0
5074482.0
5075078.0
5076512.0
5077083.0
5080082.0
5083704.0
5084388.0
5087997.0
5088122.0
5089672.0
5090672.0
5091240.0
5093185.0
5094630.0
5095423.0
5096679.0
5098003.0
5098340.0
5098532.0
5098774.0
5100863.0
5101093.0
5101151.0
5101277.0
5101861.0
5102470.0
5102490.0
5103172.0
5103458.0
5105198.0
5105636.0
5105733.0
5105970.0
5107248.0
5107635.0
5110645.0
5111117.0
5111332.0
5111386.0
5111406.0
5111670.0
5112076.0
5112238.0
5112765.0
5112852.0
5113619.0
5119653.0
5122078.0
5124479.0
5125072.0
5127399.0
5128566.0
5128835.0
5129047.0
5129184.0
5129222.0
5130470.0
5131062.0
5131094.0
5131856.0
5131864.0
5132764.0
5133102.0
5133706.0
5133776.0
5134400.0
5135951.0
5136441.0
5136672.0
5138659.0
5138698.0
5139183.0
5139196.0
5139390.0
5139811.0
5140481.0
5141740.0
5142212.0
5144079.0
5144871.0
5145063.0
5147820.0
5148795.0
5149251.0
5149856.0
5150035.0
5150162.0
5152366.0
5155674.0
5156582.0
5156736.0
5157172.0
5158107.0
5159470.0
5159925.0
5161072.0
5164572.0
5165230.0
5166273.0
5166346.0
5166400.0
5167192.0
5169003.0
5169188.0
5169546.0
5169670.0
5169769.0
5170185.0
5170395.0
5173113.0
5173342.0
5173951.0
5174025.0
5175167.0
5175232.0
5175719.0
5176729.0
5177931.0
5177979.0
5178690.0
5179026.0
5179147.0
5179414.0
5179902.0
5180069.0
5180432.0
5180518.0
5182031.0
5183802.0
5183824.0
5184018.0
5184357.0
5186498.0
5189460.0
5191302.0
5192820.0
5193034.0
5194634.0
5195245.0
5195800.0
5200027.0
5202308.0
5202597.0
5202981.0
5204664.0
5205375.0
5206129.0
5208480.0
5209281.0
5209501.0
5209990.0
5211662.0
5211700.0
5213084.0
5213419.0
5213685.0
5214013.0
5216096.0
5217772.0
5217886.0
5218222.0
5219142.0
5219927.0
5222049.0
5222631.0
5226839.0
5227414.0
5229562.0
5230986.0
5231318.0
5233188.0
5233455.0
5236978.0
5237377.0
5237389.0
5238236.0
5238535.0
5238798.0
5238975.0
5242043.0
5242123.0
5242364.0
5243542.0
5244414.0
5247100.0
5250493.0
5251024.0
5251757.0
5251831.0
5253933.0
5255789.0
5257061.0
5257781.0
5258002.0
5259628.0
5259722.0
5261931.0
5262678.0
5263649.0
5265293.0
5265331.0
5265866.0
5266473.0
5268270.0
5269205.0
5271305.0
5274830.0
5276008.0
5277496.0
5278098.0
5278635.0
5278636.0
5279288.0
5280747.0
5282130.0
5282684.0
5283007.0
5283975.0
5284328.0
5284497.0
5284515.0
5284636.0
5285032.0
5285840.0
5286312.0
5287217.0
5287285.0
5288453.0
5288465.0
5289627.0
5290620.0
5291450.0
5291609.0
5293388.0
5294894.0
5297745.0
5298099.0
5298165.0
5298337.0
5298652.0
5299696.0
5299923.0
5300549.0
5301864.0
5302571.0
5303148.0
5303740.0
5304452.0
5304522.0
5307483.0
5307760.0
5307769.0
5307808.0
5308185.0
5308418.0
5308439.0
5308827.0
5312638.0
5312693.0
5313206.0
5313609.0
5313656.0
5315203.0
5315512.0
5315512.0
5316876.0
5317069.0
5317407.0
5317475.0
5317789.0
5318367.0
5318612.0
5319040.0
5319413.0
5320874.0
5321433.0
5323032.0
5323250.0
5323672.0
5324965.0
5325187.0
5325231.0
5326131.0
5326747.0
5327087.0
5328013.0
5332512.0
5332521.0
5332732.0
5332754.0
5332949.0
5333229.0
5334265.0
5335941.0
5336182.0
5337243.0
5338191.0
5338930.0
5339030.0
5344465.0
5344527.0
5345930.0
5347194.0
5347416.0
5348326.0
5348487.0
5348845.0
5348888.0
5350354.0
5350831.0
5352035.0
5353284.0
5355588.0
5355849.0
5356824.0
5356919.0
5357537.0
5360362.0
5361080.0
5361921.0
5362103.0
5362218.0
5363916.0
5365456.0
5366415.0
5366800.0
5368553.0
5368854.0
5368944.0
5369153.0
5369891.0
5371846.0
5373366.0
5373482.0
5374473.0
5376309.0
5376554.0
5376874.0
5381413.0
5381588.0
5381759.0
5384668.0
5386536.0
5386548.0
5387264.0
5387622.0
5387745.0
5387946.0
5389143.0
5389596.0
5389692.0
5389850.0
5390598.0
5392790.0
5393176.0
5393719.0
5395109.0
5395676.0
5396705.0
5397590.0
5398972.0
5399411.0
5400866.0
5401202.0
5401728.0
5402655.0
5403379.0
5406340.0
5406349.0
5407412.0
5408135.0
5408423.0
5409618.0
5410060.0
5410684.0
5411872.0
5412595.0
5413325.0
5414090.0
5414498.0
5417295.0
5420609.0
5421595.0
5421821.0
5422415.0
5425540.0
5425799.0
5425902.0
5426120.0
5428407.0
5428899.0
5430356.0
5430526.0
5430829.0
5431862.0
5433164.0
5435455.0
5436644.0
5437073.0
5439066.0
5439613.0
5441246.0
5443510.0
5444937.0
5445012.0
5445239.0
5445458.0
5447617.0
5449252.0
5449910.0
5449926.0
5453007.0
5454973.0
5455169.0
5456378.0
5456526.0
5457190.0
5460335.0
5461377.0
5463093.0
5464027.0
5465081.0
5466561.0
5469359.0
5471151.0
5471961.0
5472013.0
5472156.0
5472559.0
5472912.0
5473277.0
5474199.0
5475357.0
5475736.0
5476829.0
5477800.0
5477815.0
5478391.0
5479921.0
5480084.0
5482421.0
5482932.0
5482972.0
5483344.0
5485256.0
5485257.0
5486605.0
5486956.0
5487179.0
5487664.0
5489298.0
5491082.0
5492614.0
5494248.0
5494968.0
5498010.0
5498520.0
5499371.0
5500261.0
5501364.0
5503073.0
5504041.0
5505650.0
5507532.0
5509874.0
5510145.0
5512743.0
5514554.0
5517601.0
5518181.0
5519844.0
5519997.0
5521491.0
5521557.0
5521564.0
5522099.0
5522664.0
5524063.0
5524212.0
5524810.0
5525444.0
5526384.0
5526538.0
5526560.0
5527739.0
5529485.0
5529671.0
5534194.0
5534259.0
5534969.0
5535694.0
5535737.0
5537431.0
5540533.0
5543254.0
5544549.0
5545031.0
5545631.0
5546305.0
5547695.0
5547750.0
5548060.0
5548096.0
5548894.0
5550333.0
5550354.0
5550690.0
5550739.0
5550838.0
5551652.0
5552005.0
5552055.0
5554035.0
5554916.0
5555285.0
5555684.0
5559033.0
5559947.0
5560346.0
5560555.0
5560818.0
5561114.0
5562113.0
5564854.0
5565008.0
5567340.0
5567694.0
5568308.0
5569539.0
5569706.0
5572036.0
5572292.0
5573508.0
5574525.0
5574701.0
5576458.0
5578429.0
5580657.0
5581140.0
5581474.0
5581980.0
5583630.0
5584177.0
5585020.0
5587578.0
5587678.0
5587728.0
5588168.0
5588946.0
5590509.0
5591285.0
5591691.0
5593765.0
5594467.0
5595845.0
5596654.0
5599050.0
5599494.0
5601435.0
5601902.0
5604453.0
5606571.0
5606872.0
5607036.0
5607293.0
5607468.0
5608693.0
5609154.0
5611566.0
5612027.0
5612144.0
5614962.0
5616133.0
5616388.0
5617478.0
5618983.0
5620166.0
5622497.0
5622763.0
5623857.0
5624434.0
5625687.0
5625977.0
5627208.0
5629090.0
5629483.0
5631628.0
5631769.0
5633670.0
5634234.0
5634457.0
5634563.0
5637162.0
5637217.0
5639288.0
5639910.0
5641691.0
5642362.0
5645061.0
5645453.0
5646219.0
5646507.0
5646615.0
5646632.0
5647299.0
5647455.0
5648019.0
5650869.0
5652737.0
5653179.0
5653646.0
5653768.0
5655270.0
5655332.0
5658184.0
5658367.0
5662202.0
5667106.0
5668007.0
5668581.0
5668886.0
5669309.0
5669320.0
5669398.0
5669731.0
5671395.0
5671665.0
5673931.0
5674577.0
5674652.0
5676936.0
5677471.0
5677508.0
5678542.0
5678595.0
5679402.0
5679840.0
5681176.0
5681307.0
5684308.0
5684349.0
5685726.0
5688093.0
5688781.0
5689004.0
5690485.0
5691271.0
5691745.0
5692150.0
5693117.0
5693363.0
5693516.0
5695325.0
5696265.0
5699264.0
5701420.0
5701442.0
5701945.0
5704779.0
5705273.0
5706498.0
5706536.0
5708687.0
5709309.0
5709829.0
5709987.0
5710194.0
5711305.0
5711808.0
5712596.0
5712927.0
5713617.0
5713620.0
5713850.0
5713930.0
5715530.0
5716258.0
5716993.0
5718959.0
5720021.0
5720986.0
5721270.0
5721782.0
5722148.0
5722900.0
5722960.0
5723526.0
5726229.0
5726770.0
5726936.0
5728059.0
5729070.0
5731056.0
5732292.0
5733595.0
5734132.0
5735835.0
5737854.0
5739426.0
5740125.0
5742184.0
5743620.0
5744137.0
5745951.0
5747016.0
5747213.0
5747710.0
5747753.0
5750055.0
5750191.0
5751862.0
5751878.0
5752380.0
5752520.0
5755153.0
5755731.0
5755799.0
5756726.0
5759760.0
5759956.0
5761371.0
5762323.0
5763414.0
5764242.0
5764519.0
5765463.0
5766784.0
5766938.0
5767683.0
5767807.0
5770503.0
5770659.0
5770906.0
5771286.0
5772639.0
5775694.0
5776837.0
5778200.0
5779196.0
5780301.0
5780504.0
5783082.0
5783866.0
5783940.0
5784574.0
5786171.0
5786929.0
5787012.0
5787256.0
5790209.0
5790612.0
5792461.0
5792581.0
5793465.0
5793860.0
5794158.0
5794612.0
5795554.0
5796336.0
5796820.0
5797372.0
5797565.0
5798889.0
5799415.0
5799499.0
5799623.0
5801906.0
5801922.0
5801986.0
5802440.0
5802823.0
5803424.0
5803938.0
5804220.0
5805664.0
5806286.0
5807282.0
5807455.0
5808980.0
5810236.0
5810541.0
5810949.0
5812410.0
5812720.0
5813519.0
5814317.0
5814944.0
5815012.0
5815051.0
5815272.0
5815490.0
5816299.0
5816375.0
5816923.0
5817464.0
5818491.0
5819458.0
5820276.0
5820389.0
5823134.0
5824041.0
5827972.0
5829792.0
5830190.0
5831498.0
5832268.0
5832336.0
5832886.0
5833936.0
5834114.0
5834632.0
5835028.0
5838110.0
5838170.0
5839925.0
5841580.0
5841968.0
5843250.0
5845778.0
5847104.0
5847524.0
5848687.0
5849137.0
5850647.0
5850664.0
5852424.0
5852500.0
5853380.0
5853406.0
5855216.0
5856680.0
5856734.0
5857040.0
5857254.0
5858587.0
5858727.0
5859633.0
5859721.0
5862834.0
5863410.0
5864713.0
5864798.0
5866187.0
5867192.0
5867752.0
5867807.0
5869179.0
5869220.0
5869331.0
5870803.0
5871268.0
5871464.0
5872103.0
5872953.0
5873955.0
5875656.0
5876216.0
5879085.0
5879980.0
5880076.0
5881971.0
5882325.0
5882908.0
5884190.0
5884476.0
5886483.0
5886878.0
5887604.0
5887607.0
5887982.0
5891032.0
5892231.0
5892481.0
5895294.0
5895576.0
5896205.0
5897591.0
5898678.0
5900629.0
5900963.0
5903157.0
5903332.0
5903417.0
5909814.0
5910255.0
5910942.0
5911627.0
5911952.0
5912809.0
5917057.0
5919167.0
5920083.0
5923505.0
5924390.0
5924863.0
5925120.0
5925164.0
5926748.0
5927862.0
5928362.0
5928792.0
5929230.0
5929338.0
5930305.0
5930730.0
5931820.0
5933215.0
5933381.0
5935146.0
5935946.0
5937369.0
5937475.0
5939365.0
5939416.0
5939653.0
5939998.0
5940510.0
5941573.0
5941577.0
5941692.0
5942610.0
5944857.0
5946284.0
5946887.0
5950311.0
5950537.0
5951051.0
5953199.0
5956629.0
5958767.0
5958876.0
5960094.0
5961310.0
5963583.0
5964901.0
5965564.0
5966336.0
5967212.0
5967503.0
5968988.0
5971521.0
5971634.0
5971875.0
5972199.0
5973117.0
5974167.0
5976245.0
5977082.0
5977251.0
5979111.0
5980931.0
5982502.0
5982715.0
5983529.0
5983821.0
5984430.0
5984801.0
5985534.0
5989559.0
5990593.0
5995013.0
5995115.0
5996113.0
5998178.0
5999194.0
6001649.0
6002341.0
6002380.0
6008643.0
6008688.0
6008849.0
6012627.0
6017921.0
6019055.0
6020906.0
6021463.0
6021960.0
6022515.0
6022695.0
6024546.0
6029150.0
6032232.0
6034144.0
6034156.0
6035063.0
6039543.0
6039585.0
6040598.0
6042095.0
6042458.0
6042740.0
6044777.0
6045190.0
6047472.0
6048488.0
6050014.0
6050742.0
6051810.0
6054544.0
6055719.0
6056820.0
6058396.0
6059579.0
6060158.0
6060699.0
6063255.0
6063341.0
6064847.0
6066366.0
6066888.0
6067663.0
6068557.0
6070401.0
6071718.0
6071879.0
6073195.0
6073433.0
6074326.0
6075068.0
6077134.0
6079609.0
6079616.0
6079922.0
6080888.0
6081008.0
6081183.0
6081972.0
6082717.0
6083046.0
6085764.0
6086129.0
6086249.0
6086251.0
6088559.0
6088637.0
6089273.0
6089567.0
6091881.0
6093223.0
6093266.0
6094575.0
6095293.0
6095656.0
6097289.0
6097703.0
6097724.0
6097907.0
6098167.0
6099135.0
6100159.0
6101754.0
6102809.0
6103266.0
6103401.0
6103744.0
6105227.0
6105956.0
6105963.0
6106106.0
6106133.0
6106701.0
6107268.0
6108325.0
6109953.0
6112169.0
6112328.0
6113058.0
6113347.0
6114197.0
6117290.0
6118419.0
6118504.0
6119106.0
6119934.0
6120875.0
6122905.0
6123308.0
6126244.0
6127444.0
6127704.0
6129928.0
6131291.0
6133702.0
6134656.0
6134855.0
6135691.0
6136751.0
6137893.0
6141858.0
6142450.0
6144370.0
6148067.0
6150562.0
6150888.0
6151358.0
6155732.0
6157208.0
6158977.0
6160194.0
6161311.0
6162859.0
6163643.0
6163783.0
6165295.0
6166850.0
6167062.0
6168045.0
6168906.0
6168913.0
6171545.0
6174683.0
6174784.0
6177655.0
6178225.0
6179779.0
6180549.0
6180831.0
6182142.0
6182377.0
6184582.0
6184582.0
6185523.0
6186920.0
6187082.0
6187725.0
6190493.0
6191588.0
6193620.0
6194899.0
6195041.0
6195696.0
6195847.0
6196850.0
6198240.0
6198310.0
6198537.0
6199108.0
6199578.0
6201907.0
6203080.0
6204911.0
6205295.0
6205329.0
6207155.0
6207628.0
6208976.0
6210858.0
6211256.0
6212154.0
6213236.0
6214360.0
6215174.0
6215548.0
6216483.0
6217423.0
6217424.0
6217445.0
6217938.0
6218033.0
6218390.0
6218898.0
6219087.0
6220125.0
6220167.0
6222829.0
6225786.0
6226351.0
6227293.0
6227731.0
6229725.0
6231113.0
6234063.0
6234088.0
6234199.0
6237771.0
6237924.0
6239202.0
6240796.0
6241408.0
6242408.0
6242528.0
6242986.0
6242987.0
6243238.0
6245399.0
6245934.0
6247817.0
6248390.0
6253095.0
6253810.0
6254430.0
6254889.0
6256714.0
6258311.0
6258536.0
6260370.0
6260697.0
6261316.0
6262072.0
6262308.0
6265764.0
6265863.0
6265927.0
6267554.0
6267731.0
6268295.0
6269050.0
6269438.0
6270152.0
6270748.0
6271936.0
6272545.0
6275713.0
6276123.0
6276466.0
6276766.0
6277458.0
6277567.0
6278797.0
6279033.0
6279175.0
6279425.0
6280623.0
6280918.0
6281614.0
6283840.0
6284362.0
6284857.0
6285691.0
6287673.0
6288092.0
6288518.0
6288822.0
6289134.0
6289465.0
6289520.0
6291250.0
6293662.0
6293726.0
6294070.0
6294436.0
6294956.0
6296386.0
6297490.0
6298492.0
6300810.0
6302004.0
6303647.0
6303862.0
6304260.0
6304929.0
6306375.0
6307682.0
6308027.0
6308111.0
6309287.0
6310095.0
6312136.0
6312641.0
6313433.0
6314490.0
6318433.0
6319205.0
6319417.0
6319588.0
6319973.0
6321452.0
6322875.0
6324568.0
6324570.0
6324692.0
6325987.0
6326168.0
6326218.0
6327360.0
6327366.0
6327963.0
6329609.0
6330275.0
6330321.0
6330525.0
6333213.0
6333597.0
6333713.0
6335253.0
6335884.0
6336055.0
6336684.0
6336716.0
6338466.0
6340302.0
6340725.0
6340869.0
6341872.0
6342938.0
6343389.0
6343803.0
6344133.0
6346126.0
6348243.0
6349600.0
6349679.0
6350075.0
6350651.0
6351573.0
6351902.0
6352202.0
6355004.0
6356455.0
6357282.0
6358485.0
6358690.0
6358938.0
6360500.0
6361101.0
6361947.0
6362313.0
6362637.0
6363547.0
6364896.0
6365281.0
6365567.0
6366418.0
6367410.0
6369290.0
6369657.0
6370005.0
6371090.0
6372206.0
6372969.0
6373923.0
6375516.0
6376864.0
6376975.0
6377053.0
6377429.0
6377645.0
6377744.0
6378115.0
6378918.0
6380162.0
6381214.0
6382672.0
6383501.0
6385827.0
6388227.0
6388418.0
6389334.0
6389378.0
6391651.0
6391929.0
6393222.0
6393681.0
6393946.0
6394446.0
6395509.0
6397485.0
6399031.0
6399792.0
6400558.0
6401113.0
6401422.0
6402538.0
6403750.0
6403884.0
6404713.0
6405124.0
6405586.0
6407731.0
6408342.0
6408704.0
6409327.0
6409795.0
6411433.0
6411599.0
6411896.0
6412097.0
6412209.0
6413292.0
6413301.0
6414680.0
6414754.0
6416417.0
6417784.0
6419308.0
6420164.0
6420349.0
6421784.0
6421792.0
6422642.0
6424207.0
6424450.0
6429995.0
6430292.0
6432494.0
6433075.0
6433219.0
6434101.0
6435401.0
6435770.0
6436425.0
6439600.0
6439665.0
6441173.0
6441197.0
6442055.0
6442785.0
6444436.0
6444688.0
6444871.0
6445871.0
6446459.0
6447778.0
6447854.0
6448209.0
6451650.0
6451923.0
6452619.0
6452887.0
6454250.0
6454829.0
6455968.0
6456850.0
6456886.0
6458526.0
6459012.0
6460162.0
6461042.0
6461416.0
6461463.0
6462057.0
6462867.0
6462989.0
6464472.0
6464620.0
6465287.0
6467487.0
6469884.0
6471019.0
6472177.0
6473922.0
6474276.0
6475651.0
6476182.0
6477471.0
6478508.0
6478515.0
6479800.0
6479915.0
6480375.0
6480451.0
6480949.0
6481355.0
6481600.0
6482043.0
6482703.0
6483384.0
6483541.0
6484286.0
6484349.0
6484777.0
6486438.0
6486818.0
6486833.0
6487701.0
6488184.0
6488658.0
6489007.0
6492814.0
6493743.0
6493763.0
6494302.0
6494313.0
6494913.0
6496712.0
6497127.0
6497205.0
6497391.0
6498158.0
6498537.0
6498611.0
6501410.0
6501530.0
6501599.0
6502583.0
6504121.0
6505583.0
6507859.0
6508680.0
6508774.0
6508915.0
6510680.0
6511871.0
6512907.0
6514551.0
6514986.0
6515109.0
6516951.0
6519177.0
6519288.0
6520572.0
6521283.0
6521489.0
6522027.0
6523823.0
6524290.0
6527039.0
6528041.0
6529901.0
6530513.0
6531026.0
6533185.0
6533300.0
6533578.0
6535271.0
6537407.0
6540411.0
6541109.0
6541403.0
6542566.0
6545507.0
6546426.0
6547591.0
6548212.0
6548555.0
6549884.0
6549926.0
6550024.0
6550873.0
6551744.0
6551820.0
6552572.0
6553214.0
6556313.0
6556721.0
6561746.0
6562972.0
6565472.0
6565494.0
6565791.0
6566790.0
6567041.0
6567298.0
6568972.0
6569065.0
6569732.0
6570956.0
6571116.0
6573196.0
6573381.0
6574615.0
6576540.0
6578582.0
6578871.0
6579083.0
6580946.0
6581793.0
6585679.0
6585784.0
6586296.0
6587481.0
6590441.0
6591185.0
6591958.0
6593080.0
6593396.0
6594869.0
6595683.0
6598271.0
6598758.0
6602228.0
6602636.0
6604041.0
6604601.0
6607058.0
6607090.0
6607523.0
6608483.0
6609669.0
6611204.0
6614154.0
6614239.0
6615282.0
6615711.0
6616441.0
6617551.0
6618027.0
6618161.0
6618357.0
6619812.0
6620389.0
6621701.0
6622999.0
6623169.0
6623993.0
6626242.0
6626292.0
6626446.0
6627597.0
6629227.0
6630296.0
6630358.0
6631525.0
6631636.0
6632220.0
6632854.0
6633195.0
6635679.0
6635793.0
6637556.0
6637957.0
6638032.0
6638663.0
6640498.0
6641256.0
6642147.0
6642626.0
6643663.0
6644113.0
6644321.0
6644355.0
6644588.0
6645115.0
6645836.0
6648662.0
6648870.0
6649844.0
6650804.0
6651344.0
6654915.0
6655314.0
6656438.0
6658707.0
6662521.0
6663069.0
6663746.0
6664571.0
6664815.0
6666187.0
6666777.0
6667211.0
6667730.0
6668354.0
6668705.0
6668946.0
6669731.0
6670006.0
6670106.0
6671098.0
6672095.0
6672794.0
6674123.0
6674224.0
6674387.0
6674802.0
6676078.0
6677540.0
6677657.0
6677688.0
6677903.0
6678998.0
6679135.0
6682834.0
6683335.0
6683722.0
6686062.0
6686580.0
6686738.0
6687503.0
6689206.0
6689550.0
6689965.0
6691948.0
6693508.0
6693832.0
6697555.0
6697643.0
6698535.0
6699933.0
6700280.0
6701998.0
6702485.0
6703102.0
6705457.0
6706293.0
6707127.0
6707249.0
6707273.0
6711453.0
6712690.0
6712924.0
6713325.0
6713895.0
6714230.0
6714263.0
6714764.0
6714790.0
6715502.0
6716582.0
6716629.0
6716769.0
6716828.0
6718585.0
6718823.0
6718824.0
6719988.0
6723291.0
6723638.0
6726484.0
6727495.0
6728840.0
6729858.0
6729870.0
6731786.0
6732498.0
6733628.0
6735359.0
6735704.0
6736996.0
6739076.0
6739275.0
6741808.0
6742537.0
6743313.0
6743525.0
6744405.0
6744801.0
6748028.0
6748391.0
6748561.0
6749830.0
6751053.0
6752786.0
6753044.0
6759147.0
6761375.0
6761646.0
6762437.0
6764796.0
6766545.0
6766891.0
6767684.0
6767800.0
6768840.0
6769415.0
6769602.0
6769820.0
6770528.0
6770653.0
6770679.0
6771404.0
6772815.0
6774730.0
6775527.0
6775595.0
6775859.0
6776133.0
6776964.0
6777392.0
6778134.0
6779987.0
6780797.0
6783118.0
6785517.0
6787941.0
6788091.0
6788351.0
6788815.0
6789978.0
6791242.0
6794511.0
6795036.0
6795916.0
6798506.0
6798715.0
6798866.0
6799812.0
6803007.0
6803105.0
6803553.0
6803590.0
6803891.0
6804332.0
6804582.0
6804873.0
6804916.0
6806398.0
6808815.0
6809342.0
6810869.0
6811094.0
6811253.0
6812427.0
6815926.0
6816008.0
6818888.0
6819550.0
6820159.0
6820430.0
6821827.0
6823308.0
6824463.0
6827270.0
6828509.0
6829250.0
6834144.0
6835148.0
6835169.0
6835865.0
6837609.0
6842063.0
6843026.0
6844727.0
6846802.0
6847040.0
6848056.0
6850213.0
6850251.0
6851088.0
6851542.0
6854634.0
6855048.0
6855956.0
6856797.0
6857959.0
6858104.0
6858616.0
6859534.0
6860681.0
6860851.0
6860945.0
6861036.0
6861722.0
6863047.0
6864162.0
6864430.0
6865579.0
6866195.0
6866976.0
6868623.0
6869150.0
6869750.0
6871120.0
6872082.0
6874635.0
6875384.0
6876317.0
6878321.0
6880769.0
6882164.0
6883303.0
6884248.0
6885628.0
6886039.0
6886444.0
6886719.0
6889047.0
6891287.0
6892142.0
6892617.0
6892682.0
6892773.0
6893068.0
6893248.0
6895067.0
6895553.0
6897129.0
6898509.0
6900051.0
6901201.0
6902694.0
6903580.0
6904552.0
6905022.0
6905998.0
6906015.0
6906363.0
6907406.0
6907491.0
6908514.0
6914022.0
6914407.0
6914649.0
6915867.0
6916899.0
6919348.0
6920032.0
6920548.0
6924780.0
6925077.0
6925168.0
6925374.0
6926214.0
6926282.0
6927865.0
6928334.0
6930967.0
6931059.0
6931283.0
6932038.0
6932283.0
6932790.0
6934172.0
6935191.0
6935683.0
6939018.0
6939279.0
6939683.0
6939892.0
6941598.0
6942135.0
6942252.0
6942570.0
6942696.0
6943285.0
6944115.0
6944416.0
6944823.0
6946955.0
6947366.0
6947847.0
6948454.0
6950436.0
6952045.0
6952281.0
6952898.0
6953628.0
6953741.0
6956037.0
6956563.0
6957237.0
6957691.0
6958688.0
6958833.0
6958911.0
6959017.0
6960547.0
6963303.0
6963950.0
6963984.0
6965009.0
6966069.0
6967022.0
6968599.0
6969780.0
6971401.0
6973551.0
6974575.0
6975592.0
6976222.0
6976241.0
6976532.0
6976656.0
6978108.0
6978559.0
6978835.0
6978989.0
6979356.0
6980798.0
6981064.0
6981461.0
6981608.0
6982148.0
6984869.0
6985040.0
6986319.0
6986780.0
6988116.0
6988921.0
6989374.0
6992968.0
6994720.0
6995851.0
6996181.0
6996305.0
6998230.0
6999615.0
6999656.0
7000686.0
7001066.0
7001597.0
7004834.0
7005221.0
7005554.0
7007781.0
7008366.0
7008924.0
7009369.0
7010111.0
7010643.0
7010929.0
7011204.0
7011606.0
7012210.0
7012814.0
7013045.0
7013410.0
7014413.0
7015152.0
7015174.0
7016727.0
7018799.0
7020933.0
7021392.0
7021925.0
7021998.0
7022003.0
7025504.0
7026324.0
7026493.0
7026578.0
7026659.0
7028741.0
7030560.0
7032734.0
7034311.0
7034381.0
7035622.0
7035884.0
7036419.0
7037298.0
7037689.0
7039223.0
7039597.0
7040125.0
7041514.0
7041665.0
7041727.0
7042491.0
7042676.0
7042734.0
7043000.0
7043536.0
7043666.0
7044590.0
7045373.0
7047036.0
7047225.0
7048486.0
7048489.0
7049374.0
7049723.0
7051137.0
7052177.0
7052186.0
7052698.0
7055008.0
7057071.0
7057794.0
7059644.0
7060956.0
7061990.0
7062096.0
7063020.0
7063038.0
7065992.0
7066151.0
7067671.0
7068423.0
7068940.0
7075486.0
7075917.0
7076101.0
7078725.0
7079072.0
7079673.0
7080087.0
7080506.0
7082494.0
7082967.0
7083629.0
7084001.0
7084409.0
7084931.0
7086813.0
7087040.0
7088001.0
7089863.0
7089982.0
7090151.0
7091142.0
7094107.0
7099754.0
7102130.0
7102294.0
7103813.0
7106475.0
7107920.0
7108952.0
7110228.0
7110355.0
7112530.0
7112683.0
7113981.0
7116131.0
7119449.0
7120983.0
7121828.0
7123067.0
7124141.0
7124839.0
7126667.0
7126949.0
7129377.0
7130820.0
7131471.0
7131802.0
7135238.0
7135474.0
7136201.0
7137257.0
7138976.0
7139734.0
7144259.0
7144961.0
7147604.0
7147679.0
7148000.0
7148248.0
7151106.0
7153004.0
7153315.0
7154744.0
7155717.0
7155784.0
7156955.0
7157018.0
7157809.0
7158373.0
7158715.0
7159058.0
7159127.0
7159461.0
7159784.0
7159964.0
7163354.0
7164609.0
7165131.0
7165137.0
7166155.0
7166806.0
7167120.0
7168243.0
7170605.0
7171604.0
7172454.0
7173008.0
7174250.0
7174621.0
7175620.0
7175819.0
7176125.0
7176219.0
7176577.0
7178071.0
7178533.0
7182227.0
7184878.0
7184967.0
7185827.0
7185851.0
7188270.0
7191363.0
7191634.0
7191749.0
7193080.0
7193396.0
7194223.0
7195229.0
7197413.0
7198373.0
7198408.0
7198512.0
7198657.0
7199488.0
7200028.0
7200127.0
7200316.0
7200773.0
7200994.0
7201613.0
7202229.0
7203318.0
7203897.0
7205100.0
7205624.0
7207915.0
7208862.0
7210253.0
7211274.0
7212699.0
7213534.0
7214782.0
7215118.0
7216384.0
7216776.0
7218209.0
7218275.0
7219228.0
7219349.0
7219773.0
7221105.0
7221354.0
7222812.0
7223623.0
7223981.0
7224143.0
7225437.0
7225546.0
7229676.0
7231023.0
7231084.0
7236507.0
7238399.0
7238513.0
7240077.0
7240273.0
7240424.0
7240814.0
7241290.0
7242539.0
7242586.0
7242816.0
7247193.0
7252233.0
7252431.0
7253114.0
7253177.0
7253553.0
7253737.0
7254097.0
7256640.0
7258582.0
7259351.0
7259396.0
7259715.0
7259817.0
7260945.0
7261660.0
7261833.0
7262513.0
7263180.0
7264063.0
7264892.0
7265793.0
7266329.0
7266753.0
7268075.0
7268390.0
7270852.0
7271295.0
7271960.0
7272901.0
7273391.0
7273450.0
7274521.0
7274945.0
7275593.0
7275788.0
7276035.0
7276673.0
7277420.0
7277789.0
7280417.0
7280674.0
7281166.0
7282707.0
7282900.0
7284452.0
7286297.0
7289111.0
7290339.0
7290690.0
7291196.0
7291794.0
7292226.0
7292431.0
7292812.0
7293544.0
7297775.0
7298087.0
7301315.0
7302583.0
7304452.0
7305577.0
7306901.0
7307375.0
7308980.0
7310936.0
7311048.0
7311932.0
7311963.0
7312269.0
7312420.0
7315532.0
7316050.0
7316637.0
7317270.0
7317438.0
7317506.0
7320790.0
7321265.0
7321865.0
7321997.0
7322701.0
7323934.0
7324059.0
7325814.0
7326309.0
7326696.0
7327045.0
7327243.0
7328312.0
7329346.0
7329973.0
7330776.0
7331627.0
7334837.0
7334918.0
7335148.0
7336322.0
7337015.0
7337273.0
7340275.0
7340651.0
7341154.0
7342109.0
7342614.0
7343731.0
7344334.0
7344632.0
7344941.0
7345524.0
7346915.0
7348456.0
7350266.0
7350517.0
7354194.0
7355075.0
7356570.0
7356636.0
7356777.0
7357374.0
7357418.0
7357740.0
7359361.0
7361916.0
7362589.0
7362644.0
7363774.0
7364725.0
7365038.0
7367684.0
7369406.0
7369440.0
7369500.0
7370489.0
7371557.0
7375150.0
7376459.0
7377605.0
7377953.0
7378090.0
7378382.0
7379564.0
7380031.0
7384717.0
7385040.0
7386283.0
7387407.0
7387523.0
7388530.0
7388947.0
7389156.0
7389763.0
7392198.0
7392329.0
7394817.0
7395673.0
7398039.0
7398279.0
7400325.0
7401611.0
7402075.0
7402898.0
7402995.0
7403261.0
7404163.0
7404602.0
7404671.0
7404874.0
7404878.0
7404951.0
7405512.0
7405918.0
7407911.0
7408614.0
7409120.0
7409812.0
7417464.0
7418618.0
7420523.0
7420888.0
7421062.0
7421241.0
7421353.0
7421797.0
7423198.0
7425231.0
7425362.0
7425845.0
7426814.0
7426995.0
7429195.0
7429465.0
7429828.0
7430988.0
7432250.0
7433037.0
7434322.0
7434433.0
7434930.0
7436084.0
7436291.0
7437739.0
7438723.0
7438987.0
7440502.0
7440868.0
7442266.0
7443504.0
7443669.0
7443706.0
7443829.0
7443905.0
7445386.0
7446895.0
7447228.0
7449252.0
7451673.0
7452220.0
7452847.0
7454584.0
7455757.0
7457282.0
7458535.0
7458967.0
7463298.0
7463551.0
7464024.0
7464956.0
7466866.0
7466969.0
7470352.0
7472908.0
7473076.0
7473110.0
7473127.0
7473292.0
7474370.0
7474489.0
7475720.0
7475959.0
7477006.0
7477397.0
7477632.0
7477925.0
7478226.0
7480631.0
7480885.0
7481259.0
7482158.0
7482871.0
7483032.0
7483235.0
7484214.0
7484409.0
7485094.0
7486155.0
7487135.0
7488040.0
7488203.0
7488640.0
7489707.0
7490324.0
7491456.0
7492525.0
7496587.0
7496737.0
7499664.0
7503400.0
7503675.0
7504591.0
7506170.0
7506260.0
7508230.0
7508757.0
7510092.0
7510820.0
7510846.0
7511183.0
7511282.0
7514389.0
7514607.0
7516710.0
7517371.0
7517623.0
7517936.0
7518052.0
7518128.0
7519376.0
7519874.0
7520425.0
7522007.0
7522479.0
7524149.0
7525918.0
7526854.0
7530639.0
7530882.0
7532304.0
7535179.0
7535718.0
7535773.0
7537234.0
7537787.0
7538432.0
7538660.0
7540043.0
7540549.0
7542015.0
7542995.0
7544766.0
7548181.0
7549011.0
7552016.0
7553133.0
7553406.0
7554011.0
7554501.0
7554881.0
7555204.0
7556653.0
7556825.0
7557034.0
7558916.0
7559323.0
7560601.0
7561211.0
7561886.0
7562338.0
7563651.0
7563848.0
7564925.0
7565225.0
7567613.0
7569328.0
7570127.0
7570465.0
7571074.0
7573107.0
7573458.0
7573624.0
7576166.0
7576554.0
7576597.0
7576606.0
7578099.0
7579953.0
7580989.0
7582171.0
7583751.0
7584080.0
7584181.0
7584461.0
7586903.0
7587158.0
7587279.0
7587582.0
7589072.0
7589074.0
7589567.0
7590702.0
7591679.0
7594442.0
7595722.0
7597272.0
7600106.0
7600468.0
7600727.0
7600896.0
7602212.0
7602688.0
7602904.0
7603765.0
7604896.0
7607107.0
7608451.0
7609187.0
7609205.0
7610576.0
7611591.0
7612136.0
7614119.0
7614264.0
7614591.0
7615984.0
7616208.0
7616570.0
7618056.0
7618179.0
7618652.0
7620539.0
7620911.0
7621671.0
7622317.0
7623112.0
7624524.0
7626270.0
7626335.0
7626602.0
7626666.0
7628620.0
7628921.0
7628922.0
7629278.0
7629503.0
7633432.0
7633582.0
7635349.0
7636209.0
7637510.0
7639151.0
7640840.0
7640930.0
7641663.0
7643832.0
7644329.0
7644940.0
7645976.0
7646430.0
7646743.0
7646852.0
7647525.0
7650875.0
7651051.0
7652716.0
7652849.0
7654575.0
7654722.0
7655358.0
7655572.0
7655780.0
7656439.0
7656752.0
7657979.0
7658413.0
7658631.0
7658751.0
7660137.0
7661093.0
7661431.0
7661499.0
7661781.0
7663365.0
7664248.0
7665041.0
7665466.0
7665875.0
7668634.0
7669155.0
7670826.0
7671295.0
7673692.0
7673963.0
7675582.0
7675804.0
7676112.0
7677393.0
7677423.0
7677484.0
7678375.0
7679952.0
7680063.0
7681584.0
7681647.0
7682649.0
7683061.0
7684811.0
7685564.0
7686138.0
7686488.0
7688064.0
7688377.0
7689099.0
7689366.0
7689737.0
7691390.0
7691540.0
7692119.0
7696426.0
7697084.0
7697765.0
7700805.0
7700808.0
7701179.0
7701971.0
7701984.0
7702130.0
7702225.0
7704142.0
7705875.0
7706062.0
7706731.0
7708471.0
7709436.0
7709675.0
7710083.0
7710362.0
7710771.0
7710909.0
7712228.0
7714241.0
7714962.0
7714976.0
7716208.0
7718550.0
7720144.0
7726207.0
7729524.0
7733165.0
7733551.0
7733684.0
7733858.0
7734601.0
7735280.0
7735686.0
7735873.0
7736159.0
7738479.0
7738589.0
7739232.0
7741512.0
7742352.0
7744974.0
7745147.0
7745996.0
7746036.0
7746226.0
7747094.0
7747512.0
7749974.0
7750714.0
7752275.0
7752311.0
7752595.0
7753314.0
7754369.0
7754473.0
7754617.0
7754889.0
7754900.0
7756090.0
7756685.0
7757398.0
7757647.0
7760411.0
7760791.0
7762193.0
7762333.0
7763608.0
7764114.0
7766384.0
7769096.0
7771204.0
7773125.0
7773635.0
7774465.0
7775919.0
7776367.0
7777128.0
7777655.0
7778658.0
7779327.0
7779818.0
7779907.0
7780325.0
7781310.0
7782465.0
7783357.0
7784542.0
7785924.0
7789017.0
7789341.0
7789683.0
7790329.0
7790803.0
7791244.0
7792708.0
7793156.0
7793767.0
7793841.0
7795125.0
7797460.0
7800902.0
7801509.0
7802004.0
7802269.0
7805158.0
7805215.0
7806072.0
7808782.0
7809835.0
7810836.0
7811334.0
7814500.0
7814767.0
7814917.0
7816365.0
7817119.0
7817129.0
7817758.0
7821178.0
7823011.0
7823782.0
7824274.0
7824289.0
7827409.0
7827765.0
7829793.0
7830789.0
7831041.0
7831411.0
7833288.0
7837036.0
7837635.0
7837661.0
7838139.0
7839035.0
7839883.0
7840077.0
7840975.0
7841797.0
7842735.0
7842745.0
7843902.0
7844476.0
7844711.0
7845332.0
7847197.0
7849941.0
7849968.0
7850215.0
7852454.0
7853719.0
7854367.0
7856874.0
7856958.0
7857034.0
7857856.0
7859025.0
7860213.0
7860903.0
7861071.0
7863795.0
7864525.0
7866346.0
7867836.0
7868124.0
7868800.0
7869993.0
7870153.0
7870217.0
7871547.0
7871663.0
7873564.0
7874545.0
7874840.0
7876648.0
7877312.0
7878259.0
7878312.0
7879707.0
7879849.0
7884076.0
7884366.0
7884826.0
7889271.0
7890187.0
7890429.0
7891619.0
7892127.0
7892243.0
7892310.0
7894900.0
7896107.0
7897565.0
7897632.0
7899924.0
7900521.0
7901050.0
7901166.0
7902492.0
7903369.0
7903371.0
7904352.0
7904792.0
7904900.0
7906409.0
7907360.0
7910157.0
7910575.0
7912753.0
7917165.0
7918153.0
7919160.0
7919960.0
7920053.0
7922719.0
7924086.0
7924843.0
7925599.0
7927358.0
7929328.0
7929518.0
7931055.0
7931164.0
7931689.0
7931861.0
7931916.0
7932173.0
7934612.0
7937428.0
7937754.0
7938008.0
7938013.0
7938243.0
7939056.0
7939546.0
7940620.0
7940955.0
7941210.0
7941826.0
7942686.0
7944309.0
7944713.0
7944769.0
7946708.0
7948901.0
7949728.0
7950057.0
7950065.0
7950702.0
7950753.0
7951112.0
7951728.0
7952021.0
7952069.0
7952625.0
7953503.0
7955129.0
7957250.0
7960072.0
7960207.0
7961087.0
7961551.0
7961973.0
7962963.0
7964781.0
7964939.0
7965620.0
7965752.0
7965847.0
7968342.0
7968515.0
7972745.0
7972817.0
7975745.0
7978264.0
7980172.0
7980676.0
7981289.0
7982825.0
7983601.0
7983714.0
7986205.0
7986209.0
7987694.0
7987782.0
7988846.0
7989799.0
7991972.0
7997464.0
7997498.0
7998123.0
8000187.0
8001008.0
8002806.0
8005224.0
8005591.0
8006594.0
8009362.0
8009973.0
8010148.0
8010766.0
8013443.0
8014023.0
8014594.0
8014718.0
8015902.0
8016415.0
8016859.0
8017045.0
8017187.0
8017834.0
8019014.0
8019434.0
8020470.0
8021448.0
8021882.0
8022111.0
8023004.0
8023120.0
8023416.0
8023879.0
8023958.0
8024196.0
8024276.0
8027400.0
8028420.0
8032444.0
8032897.0
8033237.0
8036430.0
8037628.0
8038376.0
8039523.0
8042334.0
8043158.0
8043207.0
8043661.0
8049798.0
8049898.0
8050816.0
8051236.0
8052072.0
8053642.0
8054957.0
8055647.0
8058786.0
8059540.0
8060177.0
8065129.0
8066020.0
8067023.0
8068044.0
8068085.0
8070555.0
8071238.0
8073443.0
8073445.0
8074079.0
8076159.0
8078928.0
8081198.0
8081647.0
8083252.0
8083417.0
8083802.0
8083962.0
8084973.0
8085489.0
8086010.0
8086783.0
8087213.0
8091313.0
8092233.0
8092274.0
8093456.0
8093540.0
8095172.0
8095428.0
8097238.0
8097794.0
8097815.0
8098053.0
8098290.0
8098581.0
8100268.0
8100453.0
8100941.0
8101712.0
8103322.0
8103915.0
8104475.0
8104891.0
8107151.0
8110960.0
8112641.0
8114074.0
8116053.0
8117074.0
8117422.0
8117963.0
8122241.0
8122749.0
8123561.0
8123669.0
8124165.0
8124285.0
8126381.0
8127654.0
8128564.0
8129554.0
8129564.0
8130318.0
8130921.0
8133805.0
8134879.0
8136625.0
8136737.0
8137597.0
8138158.0
8140331.0
8140738.0
8141307.0
8142197.0
8143563.0
8143648.0
8143756.0
8144004.0
8146819.0
8146884.0
8147777.0
8148723.0
8150510.0
8152057.0
8152291.0
8153277.0
8153557.0
8154509.0
8154588.0
8154937.0
8157683.0
8159226.0
8160065.0
8161677.0
8162583.0
8162910.0
8163217.0
8166866.0
8166959.0
8167153.0
8167999.0
8168159.0
8169716.0
8169803.0
8171896.0
8177395.0
8177923.0
8178026.0
8178979.0
8179955.0
8183123.0
8183700.0
8184831.0
8185105.0
8188129.0
8188239.0
8189858.0
8189874.0
8190158.0
8190213.0
8190329.0
8191317.0
8191380.0
8191583.0
8192475.0
8193578.0
8193741.0
8196165.0
8196243.0
8196423.0
8196888.0
8197415.0
8199755.0
8201779.0
8202632.0
8202910.0
8203907.0
8206105.0
8206721.0
8207556.0
8209286.0
8210130.0
8212300.0
8213340.0
8217149.0
8217362.0
8217376.0
8217445.0
8218029.0
8221014.0
8221144.0
8221168.0
8221258.0
8221914.0
8222442.0
8223452.0
8223925.0
8224069.0
8224092.0
8225443.0
8226069.0
8226833.0
8227316.0
8227475.0
8229040.0
8229460.0
8229591.0
8229763.0
8230894.0
8233125.0
8234229.0
8235445.0
8237896.0
8238358.0
8239123.0
8241104.0
8242383.0
8242794.0
8242866.0
8243758.0
8243945.0
8247349.0
8248396.0
8248840.0
8249329.0
8249578.0
8252157.0
8253000.0
8253445.0
8253613.0
8253927.0
8255346.0
8256921.0
8258535.0
8259003.0
8263898.0
8265889.0
8267983.0
8268111.0
8272282.0
8272420.0
8273034.0
8273126.0
8273316.0
8275163.0
8276643.0
8277385.0
8281803.0
8282770.0
8283132.0
8283705.0
8286106.0
8286430.0
8288716.0
8289211.0
8290855.0
8291162.0
8292042.0
8293639.0
8293710.0
8294580.0
8294614.0
8294810.0
8298198.0
8301338.0
8301677.0
8303187.0
8303684.0
8304059.0
8304106.0
8306808.0
8307673.0
8310092.0
8312896.0
8312898.0
8313712.0
8313942.0
8314290.0
8314892.0
8315241.0
8316145.0
8317913.0
8319039.0
8321897.0
8324527.0
8325178.0
8326977.0
8327242.0
8328212.0
8328265.0
8329649.0
8329884.0
8332345.0
8334166.0
8336268.0
8336610.0
8336889.0
8337837.0
8337866.0
8339174.0
8339774.0
8340760.0
8341125.0
8342420.0
8342953.0
8343529.0
8343684.0
8344241.0
8344303.0
8345669.0
8346850.0
8349467.0
8350380.0
8350899.0
8352781.0
8353935.0
8354221.0
8354730.0
8358040.0
8358138.0
8358538.0
8358859.0
8360326.0
8360401.0
8365369.0
8366367.0
8370322.0
8370398.0
8370824.0
8371641.0
8372575.0
8373319.0
8374667.0
8376833.0
8377134.0
8378998.0
8379085.0
8379862.0
8381145.0
8383431.0
8383540.0
8383977.0
8385339.0
8385405.0
8387555.0
8387656.0
8389734.0
8389807.0
8391572.0
8392371.0
8392495.0
8395149.0
8396915.0
8398222.0
8399176.0
8401370.0
8402009.0
8402091.0
8402318.0
8402998.0
8403329.0
8405301.0
8406786.0
8408120.0
8409288.0
8410341.0
8411978.0
8412751.0
8413179.0
8413695.0
8414370.0
8414847.0
8416090.0
8416484.0
8416944.0
8418880.0
8421029.0
8422375.0
8422746.0
8422889.0
8423978.0
8424701.0
8426380.0
8427084.0
8429782.0
8430880.0
8431076.0
8431355.0
8431669.0
8431809.0
8434958.0
8436083.0
8437495.0
8437542.0
8440301.0
8440597.0
8441081.0
8442870.0
8443073.0
8443156.0
8443542.0
8444657.0
8444885.0
8445463.0
8445467.0
8446474.0
8447032.0
8447154.0
8447825.0
8447922.0
8448367.0
8449193.0
8451138.0
8452064.0
8452681.0
8453000.0
8453446.0
8455638.0
8455753.0
8456784.0
8457926.0
8458752.0
8459265.0
8459473.0
8459479.0
8459672.0
8460785.0
8461076.0
8461764.0
8462020.0
8462582.0
8464971.0
8465873.0
8467544.0
8468526.0
8470420.0
8471974.0
8473373.0
8475965.0
8476035.0
8478099.0
8478779.0
8478820.0
8479135.0
8479412.0
8480546.0
8481365.0
8482243.0
8482820.0
8483781.0
8484122.0
8484331.0
8485470.0
8486006.0
8488960.0
8489092.0
8491039.0
8492784.0
8493474.0
8494124.0
8494737.0
8495678.0
8496029.0
8496777.0
8497771.0
8499258.0
8499734.0
8500088.0
8501526.0
8501534.0
8502525.0
8503176.0
8504886.0
8506050.0
8507802.0
8508830.0
8508949.0
8509157.0
8509188.0
8509822.0
8510001.0
8511222.0
8514820.0
8515306.0
8515385.0
8519427.0
8522714.0
8523379.0
8524506.0
8525402.0
8527030.0
8529523.0
8529954.0
8532112.0
8532582.0
8535074.0
8536246.0
8538197.0
8541478.0
8541586.0
8544193.0
8545071.0
8545566.0
8546294.0
8546976.0
8547006.0
8547916.0
8548380.0
8549400.0
8550190.0
8550250.0
8550438.0
8551307.0
8553833.0
8554036.0
8554140.0
8555594.0
8556224.0
8556567.0
8556630.0
8558458.0
8561313.0
8562376.0
8562439.0
8563181.0
8563658.0
8564265.0
8564512.0
8565559.0
8565731.0
8566141.0
8566281.0
8567670.0
8569214.0
8571423.0
8573987.0
8574035.0
8575773.0
8575853.0
8575891.0
8576329.0
8576822.0
8582056.0
8582395.0
8586846.0
8588158.0
8591623.0
8592994.0
8594317.0
8594354.0
8594853.0
8595069.0
8595764.0
8597041.0
8597675.0
8599369.0
8600186.0
8600332.0
8600463.0
8602075.0
8602134.0
8605544.0
8606610.0
8606889.0
8612705.0
8613458.0
8614341.0
8615972.0
8617655.0
8617778.0
8617964.0
8619078.0
8620415.0
8621513.0
8622586.0
8624236.0
8624716.0
8626164.0
8627484.0
8629315.0
8629418.0
8630539.0
8630688.0
8631176.0
8632497.0
8632797.0
8633697.0
8634072.0
8635711.0
8635737.0
8635879.0
8636130.0
8641813.0
8642138.0
8645804.0
8647525.0
8647939.0
8648347.0
8649013.0
8649096.0
8650725.0
8650956.0
8652205.0
8652337.0
8654833.0
8655233.0
8658075.0
8658368.0
8658411.0
8659061.0
8659345.0
8660935.0
8661686.0
8662464.0
8663212.0
8663648.0
8666769.0
8666951.0
8667711.0
8669207.0
8670504.0
8670901.0
8673308.0
8676155.0
8676180.0
8677537.0
8677811.0
8678618.0
8678969.0
8679766.0
8680428.0
8680733.0
8681996.0
8682818.0
8683233.0
8684513.0
8684625.0
8685696.0
8686007.0
8686549.0
8686945.0
8688374.0
8689481.0
8690345.0
8690954.0
8691717.0
8691833.0
8692097.0
8692279.0
8692578.0
8693714.0
8695521.0
8695725.0
8695965.0
8696029.0
8697742.0
8698857.0
8699485.0
8701149.0
8702997.0
8709086.0
8709191.0
8710168.0
8710226.0
8710306.0
8711798.0
8712069.0
8712143.0
8714987.0
8716265.0
8716982.0
8718813.0
8721422.0
8722545.0
8722934.0
8723565.0
8724076.0
8724182.0
8724773.0
8725909.0
8726352.0
8726525.0
8727139.0
8730046.0
8731227.0
8731713.0
8732578.0
8732959.0
8733246.0
8733343.0
8733673.0
8734069.0
8734772.0
8736298.0
8737787.0
8738215.0
8739772.0
8739854.0
8743911.0
8743924.0
8744251.0
8744425.0
8746406.0
8747491.0
8747548.0
8748942.0
8749149.0
8749592.0
8750540.0
8751496.0
8752123.0
8754312.0
8754598.0
8756360.0
8756870.0
8758607.0
8761100.0
8763080.0
8764092.0
8765298.0
8765658.0
8766054.0
8766240.0
8766409.0
8767184.0
8767749.0
8767770.0
8770125.0
8771191.0
8772792.0
8773750.0
8774390.0
8774698.0
8776444.0
8777496.0
8778224.0
8778352.0
8779596.0
8780221.0
8780242.0
8780552.0
8780672.0
8780981.0
8781795.0
8782496.0
8785668.0
8786090.0
8786414.0
8786986.0
8787388.0
8790549.0
8791876.0
8792015.0
8792113.0
8793349.0
8793441.0
8793667.0
8794470.0
8794747.0
8796180.0
8798811.0
8799075.0
8799603.0
8800458.0
8800979.0
8801520.0
8802656.0
8804487.0
8804699.0
8805950.0
8805981.0
8808447.0
8811436.0
8811761.0
8811982.0
8812238.0
8812587.0
8812730.0
8814174.0
8817439.0
8819237.0
8819784.0
8820209.0
8820684.0
8822536.0
8822860.0
8823416.0
8823665.0
8828670.0
8832144.0
8832235.0
8832281.0
8832560.0
8833176.0
8836500.0
8837134.0
8837346.0
8838108.0
8840458.0
8841029.0
8841359.0
8841787.0
8842810.0
8843264.0
8844483.0
8845304.0
8846433.0
8848161.0
8849436.0
8849879.0
8849967.0
8857156.0
8858309.0
8858847.0
8859662.0
8859685.0
8860317.0
8861175.0
8861867.0
8861896.0
8862507.0
8864626.0
8865019.0
8865308.0
8865875.0
8865910.0
8868050.0
8869340.0
8870655.0
8871732.0
8872260.0
8872908.0
8873163.0
8876620.0
8878369.0
8878619.0
8879395.0
8880593.0
8881583.0
8883238.0
8884777.0
8885069.0
8887093.0
8888125.0
8889138.0
8892636.0
8893205.0
8893217.0
8896110.0
8897051.0
8897489.0
8897984.0
8898223.0
8898595.0
8900472.0
8901819.0
8901850.0
8903518.0
8903795.0
8904312.0
8904675.0
8905961.0
8908676.0
8910010.0
8912385.0
8913277.0
8913568.0
8913887.0
8914023.0
8914454.0
8914690.0
8914803.0
8917266.0
8920237.0
8920961.0
8921356.0
8923426.0
8923911.0
8925100.0
8927501.0
8927931.0
8928594.0
8929238.0
8930773.0
8933262.0
8933799.0
8938287.0
8939714.0
8939714.0
8942608.0
8942752.0
8943310.0
8944401.0
8944637.0
8945289.0
8946368.0
8948710.0
8948729.0
8950926.0
8951729.0
8952005.0
8952203.0
8952657.0
8952903.0
8952941.0
8953355.0
8954416.0
8954938.0
8956050.0
8956077.0
8957112.0
8958815.0
8960803.0
8960867.0
8961759.0
8961878.0
8964693.0
8964804.0
8964963.0
8966067.0
8967840.0
8968455.0
8969260.0
8969391.0
8970584.0
8971340.0
8971347.0
8973377.0
8973716.0
8977485.0
8979176.0
8979432.0
8979642.0
8981682.0
8981943.0
8983466.0
8983468.0
8983679.0
8984806.0
8986094.0
8986098.0
8986250.0
8988145.0
8988983.0
8991701.0
8993953.0
8994446.0
8995377.0
8995437.0
8995558.0
8997911.0
8998949.0
8999558.0
8999559.0
9000564.0
9002192.0
9003501.0
9004472.0
9004543.0
9004739.0
9004899.0
9005278.0
9006717.0
9006849.0
9007085.0
9008342.0
9009219.0
9010101.0
9010523.0
9012502.0
9013069.0
9014179.0
9014686.0
9015023.0
9015575.0
9016047.0
9016390.0
9016492.0
9017197.0
9022348.0
9023369.0
9023690.0
9026910.0
9028636.0
9029114.0
9030069.0
9031764.0
9031821.0
9032076.0
9033646.0
9034069.0
9034244.0
9034668.0
9035904.0
9036484.0
9036565.0
9036743.0
9037037.0
9037596.0
9038354.0
9039241.0
9039513.0
9039852.0
9040325.0
9042386.0
9042942.0
9043462.0
9044172.0
9046197.0
9046324.0
9046630.0
9046701.0
9047998.0
9050958.0
9051105.0
9052117.0
9053047.0
9054011.0
9054510.0
9055010.0
9055381.0
9059017.0
9059039.0
9059383.0
9059903.0
9062072.0
9063615.0
9063960.0
9064045.0
9064663.0
9067745.0
9068692.0
9069044.0
9070081.0
9071331.0
9071703.0
9073226.0
9073488.0
9076428.0
9077087.0
9077798.0
9078719.0
9079173.0
9080278.0
9080966.0
9082560.0
9082781.0
9082844.0
9083454.0
9083777.0
9085016.0
9086843.0
9087829.0
9088669.0
9090824.0
9091039.0
9091798.0
9094486.0
9097776.0
9099152.0
9099190.0
9100662.0
9101836.0
9103774.0
9104187.0
9104812.0
9106593.0
9107510.0
9109065.0
9109155.0
9111144.0
9112143.0
9113096.0
9113412.0
9114489.0
9115129.0
9115672.0
9115929.0
9119395.0
9119954.0
9120613.0
9120980.0
9121814.0
9122101.0
9123360.0
9123982.0
9124626.0
9125939.0
9126465.0
9126580.0
9129850.0
9130073.0
9134151.0
9134362.0
9136393.0
9138303.0
9142235.0
9142618.0
9143199.0
9143638.0
9144007.0
9144210.0
9144878.0
9148463.0
9149436.0
9151367.0
9153573.0
9153695.0
9154803.0
9155413.0
9159115.0
9159398.0
9160425.0
9163398.0
9164434.0
9164708.0
9168322.0
9168382.0
9169950.0
9170944.0
9170999.0
9171405.0
9171559.0
9171881.0
9173616.0
9174054.0
9174094.0
9174235.0
9174514.0
9176537.0
9177764.0
9177948.0
9178498.0
9181098.0
9181150.0
9181309.0
9182721.0
9183578.0
9185860.0
9185942.0
9186598.0
9186685.0
9186698.0
9186905.0
9187477.0
9187690.0
9187820.0
9188271.0
9192187.0
9192613.0
9195446.0
9195628.0
9197602.0
9198046.0
9198389.0
9198398.0
9198533.0
9198553.0
9199818.0
9201244.0
9201319.0
9202930.0
9204920.0
9205124.0
9205385.0
9206924.0
9206945.0
9207079.0
9208336.0
9209607.0
9212414.0
9213459.0
9215127.0
9216186.0
9218587.0
9219046.0
9219671.0
9220613.0
9221591.0
9222656.0
9223814.0
9223866.0
9227162.0
9227285.0
9227483.0
9228847.0
9230574.0
9231834.0
9232114.0
9234482.0
9235807.0
9236631.0
9238401.0
9239039.0
9243586.0
9245458.0
9246114.0
9246910.0
9247804.0
9248252.0
9249260.0
9249909.0
9251373.0
9255913.0
9256113.0
9256245.0
9256624.0
9259160.0
9259867.0
9259954.0
9262453.0
9264400.0
9264513.0
9264820.0
9265239.0
9265360.0
9267244.0
9270050.0
9270434.0
9270781.0
9271206.0
9271377.0
9271872.0
9273346.0
9273510.0
9273656.0
9273783.0
9274430.0
9274829.0
9276776.0
9277085.0
9277949.0
9278745.0
9278899.0
9280859.0
9281672.0
9281719.0
9281916.0
9283111.0
9284107.0
9285532.0
9286744.0
9286747.0
9287824.0
9288478.0
9288550.0
9288980.0
9290107.0
9291117.0
9291159.0
9294559.0
9298797.0
9301144.0
9302209.0
9303131.0
9303734.0
9304262.0
9305506.0
9306099.0
9306565.0
9306935.0
9307148.0
9307844.0
9307921.0
9308823.0
9310440.0
9313474.0
9315422.0
9315513.0
9315564.0
9315716.0
9315742.0
9316100.0
9316833.0
9320089.0
9321416.0
9322611.0
9326501.0
9328689.0
9328845.0
9328891.0
9330172.0
9330582.0
9332283.0
9332645.0
9337673.0
9339217.0
9339236.0
9339703.0
9339917.0
9339930.0
9340216.0
9341015.0
9343167.0
9343374.0
9344445.0
9345366.0
9346373.0
9346905.0
9347293.0
9349337.0
9350663.0
9351198.0
9351205.0
9351948.0
9352032.0
9352344.0
9354722.0
9355013.0
9357194.0
9357376.0
9357477.0
9361667.0
9361880.0
9363685.0
9363756.0
9363814.0
9366483.0
9366624.0
9367610.0
9368178.0
9368911.0
9369455.0
9369849.0
9369935.0
9369992.0
9370062.0
9371948.0
9372491.0
9374877.0
9375462.0
9375626.0
9376283.0
9376515.0
9376797.0
9377769.0
9378586.0
9379326.0
9382720.0
9385194.0
9385527.0
9385776.0
9386980.0
9388035.0
9388100.0
9390074.0
9390548.0
9390804.0
9391964.0
9392778.0
9393748.0
9394860.0
9396309.0
9399624.0
9399841.0
9400181.0
9400812.0
9401304.0
9404854.0
9406482.0
9408863.0
9408934.0
9409644.0
9411169.0
9411403.0
9411499.0
9412052.0
9412912.0
9413406.0
9414927.0
9415563.0
9415810.0
9417050.0
9418993.0
9419113.0
9419975.0
9420104.0
9420329.0
9420341.0
9421152.0
9421455.0
9421766.0
9421796.0
9422979.0
9423673.0
9424192.0
9424862.0
9424905.0
9425638.0
9426635.0
9427475.0
9428902.0
9429815.0
9429917.0
9429992.0
9430040.0
9430819.0
9430942.0
9431109.0
9432433.0
9435096.0
9436000.0
9438298.0
9439489.0
9439955.0
9439957.0
9440362.0
9442199.0
9442216.0
9442464.0
9442541.0
9442793.0
9443211.0
9443667.0
9444045.0
9445185.0
9445541.0
9448786.0
9451019.0
9451308.0
9451450.0
9452455.0
9452700.0
9454221.0
9454956.0
9456380.0
9456438.0
9456575.0
9457308.0
9457602.0
9457629.0
9458000.0
9458208.0
9458726.0
9461261.0
9462130.0
9464211.0
9464377.0
9465017.0
9465925.0
9466301.0
9467507.0
9467814.0
9468799.0
9469236.0
9470071.0
9470413.0
9470606.0
9471116.0
9471320.0
9472096.0
9472772.0
9474316.0
9477036.0
9478489.0
9478522.0
9479171.0
9479546.0
9479558.0
9480609.0
9482401.0
9485260.0
9486193.0
9488112.0
9488419.0
9488883.0
9489435.0
9490082.0
9491245.0
9492515.0
9492740.0
9493338.0
9494402.0
9495070.0
9495133.0
9495893.0
9498173.0
9499427.0
9502311.0
9502578.0
9504308.0
9506712.0
9508111.0
9508190.0
9511770.0
9512118.0
9514285.0
9515398.0
9515753.0
9516609.0
9517289.0
9517984.0
9518100.0
9518391.0
9519121.0
9520155.0
9520495.0
9521753.0
9522188.0
9522517.0
9524140.0
9524347.0
9525095.0
9525871.0
9526488.0
9526694.0
9527284.0
9528865.0
9531954.0
9533034.0
9533340.0
9535236.0
9536335.0
9536681.0
9536869.0
9537169.0
9537291.0
9538746.0
9539356.0
9540048.0
9540301.0
9545979.0
9548285.0
9548540.0
9549515.0
9550425.0
9550935.0
9551760.0
9552605.0
9553310.0
9553643.0
9555853.0
9555879.0
9556106.0
9556947.0
9556986.0
9559330.0
9562715.0
9563221.0
9564944.0
9567115.0
9567561.0
9568255.0
9568471.0
9570165.0
9570419.0
9570478.0
9570996.0
9571710.0
9571849.0
9572695.0
9573971.0
9576604.0
9576726.0
9577349.0
9577711.0
9578775.0
9579661.0
9580244.0
9581301.0
9583774.0
9584300.0
9584845.0
9590255.0
9591968.0
9592024.0
9593918.0
9594845.0
9594885.0
9595789.0
9596333.0
9596840.0
9597221.0
9597706.0
9598206.0
9598211.0
9599277.0
9599852.0
9600045.0
9602135.0
9602182.0
9604396.0
9604490.0
9605285.0
9605329.0
9605808.0
9607342.0
9608314.0
9610896.0
9612675.0
9613402.0
9616298.0
9620059.0
9620219.0
9621514.0
9621918.0
9622828.0
9623049.0
9623138.0
9626415.0
9627186.0
9628019.0
9628616.0
9629024.0
9630389.0
9631252.0
9634013.0
9635989.0
9638593.0
9638679.0
9640742.0
9640954.0
9641969.0
9642034.0
9642237.0
9644190.0
9645377.0
9648639.0
9648891.0
9649301.0
9649425.0
9649456.0
9651666.0
9652796.0
9652858.0
9653166.0
9654684.0
9656024.0
9657350.0
9657491.0
9659616.0
9660697.0
9662048.0
9663963.0
9665796.0
9665941.0
9667232.0
9667256.0
9667704.0
9668524.0
9668584.0
9668724.0
9669494.0
9672866.0
9674014.0
9675117.0
9676328.0
9676700.0
9677154.0
9679730.0
9683773.0
9685368.0
9686989.0
9687546.0
9689260.0
9690292.0
9691186.0
9691519.0
9692630.0
9693507.0
9694044.0
9698109.0
9698198.0
9698564.0
9698923.0
9699261.0
9701339.0
9701592.0
9703174.0
9707332.0
9707646.0
9708123.0
9708260.0
9711402.0
9712036.0
9713279.0
9714324.0
9714607.0
9715163.0
9715335.0
9716017.0
9716180.0
9716791.0
9717687.0
9719354.0
9719754.0
9720274.0
9720290.0
9720696.0
9721886.0
9723551.0
9726500.0
9728233.0
9728861.0
9729330.0
9729649.0
9729784.0
9730365.0
9732066.0
9733619.0
9733890.0
9734251.0
9734264.0
9734443.0
9734489.0
9735125.0
9735395.0
9737547.0
9737763.0
9739300.0
9739589.0
9740783.0
9741325.0
9741783.0
9742459.0
9744539.0
9745722.0
9746141.0
9746192.0
9747384.0
9747911.0
9749415.0
9750727.0
9753591.0
9755293.0
9755650.0
9755954.0
9756167.0
9756519.0
9756876.0
9758256.0
9761564.0
9761709.0
9764784.0
9766639.0
9767634.0
9769033.0
9772758.0
9773125.0
9773217.0
9773748.0
9773801.0
9774412.0
9777054.0
9777374.0
9777563.0
9778768.0
9778811.0
9779391.0
9779539.0
9781043.0
9781406.0
9782004.0
9783589.0
9784553.0
9785057.0
9788742.0
9790718.0
9791280.0
9793267.0
9794960.0
9796843.0
9797922.0
9800006.0
9800941.0
9801220.0
9802634.0
9803369.0
9804448.0
9806785.0
9808441.0
9810632.0
9811331.0
9811519.0
9811668.0
9815702.0
9816202.0
9817257.0
9817519.0
9817585.0
9818612.0
9819900.0
9821243.0
9821790.0
9822727.0
9823025.0
9823384.0
9825584.0
9826306.0
9827056.0
9828405.0
9830007.0
9831348.0
9831687.0
9832129.0
9832130.0
9833208.0
9834752.0
9835147.0
9835423.0
9835724.0
9835896.0
9835956.0
9837061.0
9837141.0
9840561.0
9841283.0
9841387.0
9841679.0
9844956.0
9846774.0
9847333.0
9847760.0
9849381.0
9852442.0
9852557.0
9852826.0
9853218.0
9854356.0
9855196.0
9855563.0
9855774.0
9858968.0
9859317.0
9859497.0
9859539.0
9859749.0
9860718.0
9861927.0
9862611.0
9863527.0
9863711.0
9864136.0
9865849.0
9866101.0
9866534.0
9866819.0
9866830.0
9869452.0
9869946.0
9871866.0
9872496.0
9873936.0
9874640.0
9875397.0
9877798.0
9877993.0
9878344.0
9878778.0
9879569.0
9879794.0
9879850.0
9880243.0
9880245.0
9880468.0
9881178.0
9881725.0
9882512.0
9882710.0
9883000.0
9883132.0
9883134.0
9883175.0
9885101.0
9887025.0
9888631.0
9889108.0
9890154.0
9891190.0
9892832.0
9892967.0
9893524.0
9893569.0
9894286.0
9894521.0
9895189.0
9895351.0
9897298.0
9898792.0
9899349.0
9902139.0
9903409.0
9903675.0
9904922.0
9906099.0
9906418.0
9907309.0
9908747.0
9911887.0
9911960.0
9912011.0
9913116.0
9914910.0
9915321.0
9916725.0
9916751.0
9917046.0
9922039.0
9924731.0
9926771.0
9927222.0
9927324.0
9927418.0
9927554.0
9927559.0
9928789.0
9929911.0
9936184.0
9936500.0
9936653.0
9940632.0
9940667.0
9941192.0
9942895.0
9943678.0
9943872.0
9945944.0
9946749.0
9947025.0
9947083.0
9947369.0
9948930.0
9949592.0
9950447.0
9951332.0
9951820.0
9954743.0
9955686.0
9956383.0
9957628.0
9958053.0
9958464.0
9958867.0
9960143.0
9962001.0
9964071.0
9964638.0
9964832.0
9966379.0
9966415.0
9966680.0
9967673.0
9970983.0
9971957.0
9976879.0
9977338.0
9977539.0
9978139.0
9978301.0
9978366.0
9978745.0
9979077.0
9979406.0
9979725.0
9980076.0
9980226.0
9980782.0
9981965.0
9982260.0
9984148.0
9984578.0
9984623.0
9985855.0
9986196.0
9986225.0
9986274.0
9987376.0
9989666.0
9990821.0
9993826.0
9995667.0
9995898.0
9995983.0
9996172.0
9996386.0
9998227.0
9998713.0
