3611055	4120712	2360956	1720519	7013045
9442541	4005306	5584177	9734443	9976879
4171495	8218029	9031764	21694	4137752
8143756	3544258	7769096	2950148	1549816
3796526	2506582	9474316	2446213	7113981
1937023	6113347	4429683	9044172	8499734
4282640	4890841	4587111	173965	6501410
1402233	6382672	2422566	6743525	567985
3866892	5756726	3880713	515905	2062060
2293104	8793667	176150	7021998	6775859
3807186	4634283	9412052	5179147	5362103
6548555	4172471	4748861	4656535	6298492
3757042	4412251	3429578	4979885	3335770
8325178	6508915	5178690	3886174	4074138
2242516	3249787	1064971	7626602	9306935
7429465	31576	906358	4636729	8267983
4946331	8402998	5897591	1120945	2271411
313788	7700805	2261308	6436425	8666951
6515109	2671683	3705143	6573196	2654529
6804332	2360173	1601937	7856958	1017893
3371238	5282130	3495340	3266888	2481076
2890875	3519400	7735686	1393425	9640742
1419680	339200	116638	6858104	6373923
9445185	3333866	7438987	2698582	1535661
5524212	8221258	9927222	5608693	8943310
1912801	4414638	4608651	8226069	7783357
4549687	8268111	1412188	4528633	834295
1091140	1579661	420542	2664502	9371948
8389807	8036430	3209564	2750459	3205613
2722907	7317506	8000187	1290506	3555787
4012233	4260034	207468	749382	4044902
4892669	5770906	3700785	6898509	486966
7320790	6550873	4464002	3874091	4627707
6658707	3361496	5578429	1247986	7975745
1750533	4526447	6569065	6288092	5715530
1380789	2398648	2969507	1360116	4252731
8594853	4843662	3971477	8452064	1954499
3681692	2419605	8600332	7549011	5473277
1725996	8523379	6105963	2379104	140550
3789715	3915339	3389665	8823416	2593922
2538384	5521557	156038	4825403	2064422
4032136	7282900	467177	1983904	3669860
3768225	5552055	3432698	7310936	1629268
6493763	4822215	2674745	2423534	2983299
3326085	1727347	4011926	8914454	4781062
6803590	4890644	5671665	9245458	2326023
2006417	6352202	2463286	798042	9747384
1614588	6182142	1310233	3678498	832594
8772792	1854234	2343989	9908747	9412912
7041727	3089843	309114	8878369	6022695
2195555	1984129	3960465	988645	1056077
4483055	3022015	5156582	9570419	4644793
1160599	8832281	7540043	1040367	4081825
5616133	7884076	8693714	2494661	4568005
7292226	8832144	9344445	4239695	609996
9016390	2181682	8699485	8184831	8461076
8023879	2497107	648754	1234570	3603558
8124165	2843505	61231	345545	7164609
2720833	1184986	8547006	1143959	6338466
7616208	8478820	6629227	1351385	8680733
221682	4844906	402269	3439764	9302209
4033626	4078684	2659704	2320615	9442216
7301315	2973173	3294214	7408614	7443706
1349395	4401634	6454829	2474873	3259635
4541190	5862834	1551516	4387501	7277420
4771613	5706498	6939018	1934443	9465017
840013	9077798	8887093	6441173	5266473
6366418	691798	230591	8196423	9315422
5983529	3572519	6905022	2830053	611226
9142618	7032734	4115643	3965163	4659781
8948710	5594467	5387946	2392899	4517932
1364344	4786208	5046422	2133570	5716993
573511	5679840	8986250	3543865	1427160
9369455	8372575	2033263	9212414	1673610
1950313	7193396	1780658	5739426	7068940
8602134	451763	9216186	2433247	3237059
5799623	6107268	9010523	9168382	2667093
3430499	7327045	1703201	5103172	5170395
7840077	1439221	3085149	4092767	4200041
1055539	3729353	8711798	411581	6280623
4501963	1226873	6336684	3516747	9186685
2011827	635927	1269813	2191517	7629503
3253606	8116053	6276466	462550	5332949
4627587	3239285	7076101	7008366	9291159
3096061	7750714	5713930	8098581	927668
3641857	7048489	7225546	543176	9246114
8233125	7817758	7151106	3951288	5540533
5101093	2574505	3253415	951929	8617964
2358768	605032	3622824	7857034	3472919
8265889	5787012	5356919	5514554	7290690
4015986	460321	4042227	7238399	2353410
7425231	3796048	9259160	5259722	4833347
2891403	9556986	4248189	8169803	9470071
9055010	8366367	1415674	6119106	263431
1550357	9608314	9729649	3619495	4789698
162559	6349679	2742392	1007490	3638263
466703	1870433	885835	8658075	4275492
7961087	7028741	3632871	1344546	2399998
9733619	3335781	9316833	1344174	2392749
9452455	5685726	5376874	4811601	5139811
3663226	9429917	7754369	3217188	3186875
9522517	1986872	5449926	7665041	2145886
2848704	9183578	9692630	3183092	4816662
897517	14025	6530513	2261041	5061585
1993654	7894900	300852	9470606	7329346
6066888	7275593	6775595	9219671	2398946
644741	3197755	334275	6088637	4193249
2231930	4496175	2034820	7202229	9170944
1956814	6484349	9874640	5810949	285169
1381864	5243542	358348	1574897	7404878
7240273	9284107	3497709	7618179	5289627
1867502	9863711	9545979	2212932	355951
2257604	9077087	8606610	3694550	9947369
9911887	1610326	4346885	9526488	7473127
9452700	4750230	5964901	4915109	6471019
1630451	1993047	518711	5871268	5049967
1352402	3240555	9741783	5963583	4601971
1602974	947207	9222656	6340869	5690485
7654722	3068449	4949196	5522099	1592054
6321452	8767749	3059208	8837134	122699
7387407	8002806	7629278	7831041	339291
1149485	8655233	4348033	1912358	3634676
4138513	1602786	6686580	436627	648548
2741929	2496127	8203907	5157172	2536837
2570809	6174784	4935430	9082844	5101151
4708103	4791774	2242516	3310492	2727
5669320	6837609	3562372	5387622	4321376
3969986	5973117	807267	4710293	5658367
6288822	3743193	8409288	3911598	6365281
7242816	7745996	702505	8073443	5323672
1293326	1289846	3165858	2711919	2260457
3309029	2355716	4285592	8117963	8241104
507261	2385941	6461042	4142216	2201975
4070401	4725574	2818108	559837	2253613
1408388	6815926	8511222	7123067	3359020
9376797	7078725	4372397	4721315	5089672
6341872	4435342	6435770	4432734	5159925
4017376	2448906	9883000	9620059	5242123
2344795	7584080	7253553	8865875	1694954
1793547	2200572	7499664	1725893	2134078
2194253	3785117	1871134	3115033	6340725
1262107	2890676	5880076	6855956	6242986
1668418	9112143	1551806	3821276	15170
8814174	449704	6248390	7356570	5202308
447324	5750191	7276035	5466561	1795954
8010148	6400558	6519177	3299017	4308781
7312269	7637510	1108226	6433075	8482820
3496514	8743911	1265518	6604601	362475
8358138	3405504	2414831	3768074	801065
2815535	5755731	4607421	4005433	2999639
6237771	8724182	9273656	2209677	1140110
6097703	7001066	6270152	6769820	9951820
2847229	8146819	2501401	8449193	1236917
5179026	6307682	5348326	4375892	7400325
8510001	4816342	6439600	3345713	6086251
881080	7429828	5487664	1216823	2490326
8128564	925626	5175719	5308827	1079296
2499943	3057925	2544213	5832886	2850599
7856874	8938287	9833208	3173477	3437599
4544507	4806878	7843902	3816556	2544874
7760411	9841387	7157809	9246910	6689206
4039798	6748561	5709829	1589010	25648
6528041	5845778	5421821	6048488	6824463
6645115	4864084	865876	7525918	2816953
7297775	3308164	7814500	4599828	5231318
2308597	4229173	6989374	7754473	9256113
7321265	28401	751454	4123747	7652716
2115122	4118466	4343072	917803	6706293
1916336	2493381	5554916	6184582	4124888
3899070	5639910	7403261	2745458	4632872
5668007	1972919	2111125	9073488	1490749
4662219	8732959	8024276	2519535	8545566
6029150	5213685	2049744	6324568	7174250
9016047	8275163	4580127	6752786	120467
8138158	8019014	2733159	8253613	3148514
4859848	2147552	803302	9478522	640548
7254097	5552005	1696479	6718824	7446895
2375419	6261316	9099152	6804582	1751188
7489707	7565225	868656	9228847	5193034
7925599	6218390	6494302	6641256	7801509
912294	5745951	7552016	6823308	9741325
3427591	2446399	3882658	6277458	8605544
5101277	9151367	2293401	540462	4096730
2469644	1633531	9553643	8986098	3672736
8294614	8402318	3045889	7271295	5801922
9239039	5269205	442731	4580429	9491245
4925888	2427606	639199	9204920	9464377
3374554	9351198	4226969	1767986	5487179
6889047	7086813	7030560	9564944	2263453
9517289	5792581	1280568	6319588	7584461
8726352	495989	6804916	8081647	3617571
2974108	4971670	8953355	4855934	3630631
251151	9903675	2541352	9596840	2306848
6886444	7305577	6835865	1172400	7907360
939853	3741524	8582395	9895351	7478226
2746770	3703446	7337015	3452088	3061722
8679766	5435455	7490324	1249587	6963950
2591224	9645377	3181242	256676	5213084
3033973	3959745	250397	1285117	2908116
6112169	4053493	408171	6497391	5173951
7537234	9013069	7560601	7779327	444054
4364948	8781795	5853406	2993770	6741808
6882164	2883696	6103266	7589567	3138849
7854367	4010614	119396	4811227	1261372
9855563	9411169	7042676	1223480	1265903
6953628	8556630	2707810	1946189	696268
4140870	9375462	3195001	2015717	3566827
6079922	8482243	8221144	4121344	377181
5401202	5831498	2148411	3915200	1190504
8837346	3177704	4885143	6994720	9708123
8243758	1764204	8478099	8301677	9607342
654694	7159964	7147679	2702508	4532154
5011423	1217324	1733077	244225	1969741
1212598	2782868	2649872	4812781	1031189
4657503	7939056	393794	7691540	4022791
9458208	4464224	2222492	7344334	1320560
3491437	8344241	7015152	1129864	816980
4834491	7983601	3528266	4834020	4048999
6184582	4046071	8970584	1103218	7159461
5599494	9270434	9716180	4510576	423664
3627708	7026493	7200028	7218275	9986225
6218898	524668	9288980	5338930	7982825
3408742	1874560	6774730	4634001	4005846
3981495	7557034	9306565	1683631	4692048
3264305	4573890	9430819	4376970	7266329
8196888	9424905	7795125	9834752	8288716
1503961	6106701	6591185	1896237	9050958
130848	5926748	8023958	4988483	2452760
4614074	1845652	4427743	6462867	8536246
3413319	4618214	9101836	6464620	746469
8171896	8480546	1310444	6537407	2276214
9369849	9270050	855893	1248103	7522007
582562	9006717	7205100	7026324	318043
1198684	8606889	3124301	6927865	7216384
8249578	3808675	8956077	5866187	3654902
3806648	9171559	3027239	9889108	586949
5325187	1779891	3440347	3401000	3824103
8575773	8147777	4634844	2126009	86292
8549400	8459265	9778811	9000564	1893276
3117788	7405512	5674652	7112683	9382720
5494968	2030807	1359487	5560555	9357477
7517371	4091895	1931221	6952045	1169656
8122241	2756744	1199745	8997911	3485338
1068467	5591285	125415	3282630	6565791
6975592	3306164	7337273	9379326	2260925
3446773	6716582	76000	1954622	2710473
9071331	5290620	4785261	508249	9159115
2246465	8092274	7144961	4891920	7904352
5066587	245033	7089863	6034156	3613018
9691186	3576994	7001597	7061990	3866351
5135951	4008672	610005	3631662	7735873
9462130	6942135	5032574	4797236	9927559
4216338	9154803	6439665	6683335	5293388
5815051	6670106	187110	9729330	4304307
9345366	915648	2709248	8710168	9728861
2402099	398773	3797213	8792015	902286
2831098	4178054	7837635	3199878	1669585
4908174	3504144	206731	2623650	533089
3673283	654363	9221591	3205100	3517200
9472772	3593248	7481259	5966336	1648115
9926771	3677751	1564626	4596841	7425362
5633670	1549428	5596654	2297513	7771204
1368545	8897051	7421797	493341	207798
7636209	9122101	5074482	44499	5869220
7757647	8688374	2647303	9520495	8336610
9238401	7106475	240611	3110542	1984477
1265521	7474489	5718959	5036818	8239123
3114285	9966415	995793	3848171	1251188
4053867	2352112	2388239	679606	474143
6980798	8424701	6701998	2558293	9635989
6533300	713106	4028733	7261833	3913019
1053167	4070767	3340166	5550838	1095688
1142367	9538746	1661883	9964071	8942752
6739076	9201319	9144007	1235822	7965620
5486605	578522	9687546	3119300	3804348
1771969	300133	8430880	5425902	5971875
6446459	6618027	1703346	7443829	3450092
9488419	8507802	9478489	9750727	567425
6008849	8217149	8221014	9579661	9769033
6231113	5611566	5111332	4074295	5093185
1573228	7678375	7951728	7738479	6573381
4284973	8134879	6942570	7165131	4604357
4610366	5559947	9605285	1475107	1077451
6217424	5517601	9423673	847378	5671395
6054544	2883989	1369699	5548096	9043462
336821	2781257	1553024	3674917	1494659
7821178	112915	3057081	2218675	7833288
9981965	8591623	5258002	5616388	2427415
6304260	1366376	8634072	7091142	223499
8573987	865210	7330776	7362644	7405918
3284445	9046324	4133914	6325987	2864160
7426814	9778768	8971340	4441922	4372623
8773750	1855476	3507643	5251831	1143748
7968342	4456988	9174235	4861598	8354221
3433308	8190213	7676112	4916599	5681307
9648639	7147604	6289520	5230986	1048674
5096679	4259965	9422979	8786090	2782432
8841029	7345524	6019055	7158715	8860317
2372688	4456012	1374288	4361228	3142341
7102130	6644588	5812410	5166273	5770503
1643886	2380963	5486956	3128263	2187523
9859749	7871547	6700280	8190329	2643290
3207970	6393946	8683233	3568446	1843090
8001008	4140569	6835169	2627470	737331
6433219	5298652	1185097	3739711	1086131
1662658	5044845	3698267	1614064	8765298
9521753	7840975	8734772	221941	676801
7317270	3143434	1634931	7398279	3626001
5968988	3410954	5647299	8083252	3445153
2859770	9363756	6071879	699510	708244
3169077	6609669	5411872	1290934	3205649
5098774	7797460	8193741	86519	6123308
5211662	9916725	6114197	8179955	1550010
7998123	9835423	7931861	9352032	680132
2107955	1325574	7110355	8447032	7275788
8908676	9936653	2203707	3306378	3187033
9779391	7464956	757964	4014453	406710
9855774	3914461	5472912	6480949	5247100
5776837	5743620	8123669	5476829	2404033
6085764	1778878	8334166	4759686	7321997
5326747	3540060	2980022	2440473	4431200
110437	778409	1791825	5834632	3649476
6944416	1050910	2721660	4922833	4464350
9094486	9537169	1070953	5410060	3907989
4008223	6627597	1448054	7920053	2865570
7903369	3509850	360898	9504308	6297490
2274551	9307148	1771103	2115081	6401113
8464971	3161034	4086236	2128182	8820684
305075	7714976	1913834	9321416	3204467
5928362	9436000	2767382	7404163	1775525
9866101	1045038	4015910	8161677	6952898
5545631	4607536	6362313	4590544	7709675
7008924	8017187	8678618	2708555	2793537
4674103	1832313	5410684	2008430	3495887
9030069	9859497	3059939	4364940	9592024
6210858	1437589	2936925	1436148	6644113
7953503	9274829	9286744	5617478	4690899
9657491	1883624	3916827	7219349	2174345
9149436	1766770	7331627	6451923	8312898
5012847	3070758	2240553	7065992	6761646
1273257	7012210	8925100	4551544	7488040
4273881	3824024	2914223	919688	4929536
5335941	2285717	3114820	9143638	395737
6452619	2968992	3139070	4251578	285956
1682985	894467	8723565	4438772	6163783
7447228	3354703	4155374	788514	6464472
9285532	1804444	8995437	7426995	3370843
5678542	5035034	4249818	476951	6666777
6435401	1875977	6614154	7328312	489136
2354226	8661686	3462295	3476062	4761204
9444045	6481355	374962	380935	656454
9181309	5098532	3502525	9877993	8731713
4652114	139806	4916479	5673931	3236476
8627484	3567825	3380215	3833400	4475143
8551307	7658751	6744801	9883134	194811
6770679	447726	6671098	5693516	2464152
3262009	4784358	6751053	7754889	8100453
6988921	3988719	1135540	1238632	8695965
5569539	7037298	3714685	9328891	62068
26124	240587	9415563	3453326	7793841
3032200	5263649	4797184	6809342	3299911
388578	7904792	7080087	9793267	294608
9411499	5284515	1206951	9773801	3655402
289084	3041200	8197415	5384668	8378998
7661093	9947025	7273450	941034	1977879
1617177	445227	4786486	8673308	730551
1628575	2042952	409421	8133805	6378918
2602441	9548540	9531954	5111117	2202976
512861	5767807	6960547	9283111	1827719
6714230	7602904	9012502	2606280	7870217
6391929	5816923	2730094	3180788	7745147
3097958	1613523	2489717	1696731	7538660
3328749	2789905	6644355	444564	3125834
9773748	7554011	5593765	2217305	1138704
6127704	7868800	9556947	2508205	6727495
4052429	9986196	6648662	6405586	5397590
7754617	3374699	6777392	62327	7964939
2882246	5307483	2266346	6811094	6401422
2067093	1980599	9064663	9415810	7952069
8670504	6771404	9947083	1562998	2572751
8595764	8793441	8191317	8503176	4104936
8799075	7321865	7215118	1786928	7252233
236256	968134	7603765	4129670	9160425
6851088	9159398	1853017	108424	5723526
4331639	8293639	3328041	6848056	7842745
6753044	8594317	7052177	7987782	8136625
7837036	3102241	9059383	3703592	3658184
463381	6372969	8822536	204728	8993953
6549884	5300549	4816052	3116672	5428899
255848	2617604	1875653	7608451	9996386
2183284	8085489	1345868	7404671	9701592
1454338	766351	3988245	7510820	7705875
8221914	1951461	8777496	2685491	6932790
5250493	5088122	6459012	4187408	2628810
780763	7268390	4438397	4417962	7421353
1542139	9059903	5441246	2906802	8701149
1890777	8840458	3057314	7011204	8913887
4439463	2929341	7005221	7714962	2962798
419803	6168913	6632220	1315360	1572419
4980234	1491317	3952531	7949728	9385527
3793852	1467293	288705	6767800	3401743
4370035	7701984	6421792	6798866	6312136
5347194	3435761	5815272	1765865	3358141
5111670	9676328	2049880	323940	4183666
3331861	9223866	9590255	602570	5131856
3643688	252010	5145063	1359001	3749666
6935683	5138698	4676161	1138060	149587
2644620	3831594	7810836	234369	3615483
2700680	5344465	5590509	9665941	1663113
1326313	3356761	4958274	2358783	4165060
1821264	2502433	63319	1751722	2956010
2271995	6100159	3197852	5681176	2313291
1733730	2055752	5421595	5766938	4190813
8998949	2524173	104993	1040449	4285289
328379	189885	4923003	5625977	4112295
2351874	2702071	3188851	9746192	6083046
1589540	6496712	7561886	9181150	5218222
1590562	268776	1787499	9119954	50503
9495070	8178979	4538402	4882957	1859199
74688	5887982	4219802	1330406	9322611
5389143	6039585	2197902	5526560	8313712
8865308	2218557	8654833	703141	4476532
5853380	1117816	8201779	957913	9271872
4202679	3139202	8564512	6486818	1292886
7837661	5850647	4422355	6380162	4984443
1623188	8697742	7378090	383069	222503
7175819	9860718	8722545	3188512	7063020
7948901	7259351	3350619	8519427	3039290
3847060	863751	1789642	4415869	791393
9109155	4125557	4680947	9366624	8494124
9861927	6242528	3208703	1584584	3201911
1756856	5430356	2167474	4635589	3779610
2867237	6617551	8068085	9164708	6676078
7746036	783767	253710	5701945	7735280
5587728	3517865	7805158	7853719	8092233
6068557	8166866	6511871	5507532	2701949
3075597	9104812	5113619	3100935	6860945
190644	8440301	3683142	3091202	5529671
1195453	137478	2035702	6978559	6294070
3294800	3977006	6591958	8499258	39156
8342953	2207255	4600479	7510092	3480721
3006097	1851793	7432250	1990388	2334659
2193291	2450143	8484122	8979642	5950537
2943222	8225443	9015575	9806785	5393176
8733673	3512635	5958767	8811982	2877599
887423	3972212	3861849	5195245	1689996
2748604	801064	7685564	9703174	9003501
5958876	6766545	4191570	5691271	2366797
8316145	2733850	5016383	3780712	2660514
5961310	128497	7704142	1197317	8622586
4605402	9600045	5585020	1191939	1098752
2975111	3231081	7675582	7518128	7398039
4827707	6689965	2131625	9134151	7733551
8563658	1814628	1719440	5778200	2514522
9864136	3284558	3655707	4035834	9006849
7277789	3640663	9047998	2462321	4248052
7658631	8358859	4596762	9115672	6203080
4075446	4167833	6631636	98533	606318
7946708	5634234	3548085	6227731	324283
7710771	1067527	2737622	9425638	6293726
6566790	7643832	7506170	9468799	1427824
2629572	1536027	5721782	682817	3737695
8370322	9034668	4453225	4955778	4450560
7131471	9675117	1378678	949406	5041399
4452990	6420349	9816202	1190897	8804487
153093	2787402	432416	493252	9256245
9648891	2150682	267000	1301610	8153557
2974244	5924390	7839035	2514688	463969
1495825	6150562	8508949	6901201	3910655
1537015	2913303	7716208	3018121	7669155
2417514	6942252	2167328	3605873	7878312
5521564	2209189	1157712	1408462	3123343
6958688	7445386	766694	8210130	8901850
5801906	8336889	9828405	1855324	9533340
2279762	5389692	6769602	8421029	1216313
5708687	6931059	5534194	3229526	3894173
1107086	804108	8095172	7039223	1922819
5180518	1085911	5850664	1397808	5984430
3986653	4531733	7480631	927429	1861926
97048	6650804	1716448	8358538	6723291
3220809	3333460	7941210	3808981	5276008
8436083	9880243	3960942	110835	9907309
387736	5480084	9568471	5169670	2640547
652323	9243586	4678421	3864210	5550739
3692822	3253395	9419113	647610	2704603
7682649	4879710	1571854	9421796	2410705
4681232	3539055	799712	7573107	5132764
7402995	5233455	7166155	1835288	3294253
5142212	4846302	6270748	1220050	3325416
2564240	808577	477110	2895005	7701179
7623112	6587481	6581793	7839883	3278375
5900963	7037689	1590838	4692012	5016018
49338	2204336	9499427	993236	4443290
5332732	1818268	2170967	5646507	8929238
3795733	5550354	2065982	8744251	1910158
1556689	5238535	9795	6519288	3488217
4222701	3450244	1863242	7742352	1619008
8716982	8042334	842528	2276701	9470413
1024748	1206555	1286648	9034069	9100662
9369935	4049921	9893524	3065752	2658502
6424450	2368643	6237924	783205	5460335
3401141	8242866	7706062	9413406	2010392
2911392	8457926	6199578	3254974	5213419
4043205	5710194	9492740	215037	8500088
7756685	2395097	1111463	8726525	4511777
9804448	1964956	5098003	164926	5870803
7168243	1695048	9286747	2899645	8756360
3564760	5928792	3969543	4407418	7066151
619552	2554529	1324968	4542780	6524290
4188202	1088221	5257061	4905417	1158284
9653166	6507859	7656752	7452220	9187477
2277879	5447617	4989887	3136437	41809
5941573	9753591	9220613	7831411	97902
2260048	1989084	221971	3490888	8023120
9630389	6483541	381881	1262698	5689004
860331	8629315	459636	8761100	2458094
5477815	3351826	632639	183060	3993433
6668354	4252954	4301341	9730365	7965847
5369153	9525095	549782	2842630	5498010
6501599	7526854	5043541	4515800	9803369
9153573	4663422	939088	9712036	9715335
4463667	9034244	201554	9840561	2207660
5815490	4165434	3096870	413263	352976
3596615	1249662	5070311	9467814	4289339
7010111	870649	5786929	561094	2121244
3564908	4067944	5797565	4331967	5722960
1519522	6308111	6963303	5321433	9456438
9837141	3024675	6713325	6946955	9265360
3555759	8786414	1913617	3163282	4428837
2854210	1326349	6322875	589871	5350354
4293868	6541109	6280918	9826306	5291450
2270556	4786891	4626134	1448217	7790803
6968599	5317789	2097931	7964781	483602
2290820	1294240	8016415	2708915	7951112
7423198	2137155	8465873	678507	6185523
5144871	5022385	2630538	6050742	4832677
5864713	1272640	7779818	8546976	4722014
1682661	2636250	6372206	1068904	3925341
6405124	5971521	3904325	8014023	3811800
9597221	4616764	2540278	2940236	5164572
4719640	6144370	1326472	6258311	558839
8093540	735895	9111144	8647939	5041855
6919348	2668966	6569732	639409	2105888
991506	8921356	1583134	4824498	9555853
9248252	3273703	1603543	6179779	2151155
7242586	1978331	8301338	2425732	6677657
3161503	2997610	4054458	1713710	8702997
8939714	5939653	9424862	1432081	9659616
1105133	3567697	1875919	9967673	9784553
9488883	2553048	8416484	1294778	5406340
7633432	6073433	9584300	885613	5669398
4716606	3571053	8662464	355155	6850213
3321473	3704690	459762	8913568	4820478
4320843	2096261	4813713	7011606	5362218
1344525	7579953	3392858	3763547	6059579
3596762	96317	5192820	7175620	7938013
9090824	9777054	7304452	912321	7488203
5318367	8467544	5456378	4873974	2952376
5525444	6402538	5299923	8724773	1962367
1525767	3642666	9259954	2582414	3761271
5327087	2518344	6186920	8903518	7375150
5179414	8547916	9063615	8377134	9936184
9054011	8437495	8253927	184879	4547734
4683310	9734251	971119	7376459	1398053
5841580	2198288	798554	9209607	9120980
8445463	2611616	291380	8889138	3419820
5444937	514323	8676180	1062619	7012814
828109	2450183	3365982	1234376	3769857
9376515	1119737	6512907	2336927	8052072
5956629	395354	3685839	5843250	1160804
1422567	2548308	5985534	3044896	4661792
3412411	6079609	8898223	4468886	2091813
7172454	49169	1620519	9400812	9054510
6330321	187997	7904900	5705273	8957112
5229562	9689260	8652337	5858727	692197
6324570	8842810	4469989	5150035	1374170
1615998	4438967	1194626	6892617	178502
551511	4936756	1271870	9121814	7600896
3195286	5695325	2128807	9960143	9144210
4258758	510042	1907005	7910157	7960072
6444688	3085015	4848899	6547591	1216073
2063439	3627364	591882	7075917	3965813
7485094	4390639	3598341	4230915	2008715
6421784	5303148	1397860	492473	9169950
2769768	4292431	2847150	5147820	548785
8293710	9368178	4216074	2355076	9774412
1433879	9016492	7518052	3343786	842676
5128835	6735704	4463694	9337673	6971401
9667232	8869340	7535718	3480810	2037476
9454221	9347293	3226608	5752520	7919960
5721270	370742	2714520	5645453	1560831
4973345	4221017	7957250	7762193	8123561
9540048	79067	6393222	2841392	6843026
3910155	3151121	6281614	7987694	1274591
6245934	4185611	6253810	7600727	3612319
9699261	5159470	9869946	2933517	6716629
3187784	1171807	6872082	4166095	9489435
9498173	4795101	123911	4904910	3463600
4430579	8117074	8289211	2732833	372101
7051137	9251373	4127154	3739581	6567041
2545541	4067579	1456508	4639556	7041514
6619812	9350663	6787941	3134624	3877526
4583798	1641690	1593335	254978	7452847
5399411	9570996	6931283	1299978	983148
871576	503090	7213534	2004238	5129047
3559792	7570127	7863795	2153668	97424
7401611	5967212	907874	3842558	171734
497172	4630401	6284857	3036939	6358690
714269	2500614	385758	4376253	8878619
1542733	8315241	2052532	9042386	6294956
2431697	4650556	1837008	2586078	9443667
3223319	200157	4401366	2001907	5887607
1382366	1080187	3672071	4531645	3942182
2837019	1695029	4549534	7860213	7700808
5799415	5315512	7336322	9665796	6182377
7542015	6022515	6893248	5304452	8566141
530284	3629851	6168045	4312310	9746141
1378848	3029857	7952021	7184878	7082967
7612136	1689281	3845844	5320874	8352781
3518413	4779147	7420523	4138315	6846802
3893508	4494415	5445012	423845	4492419
9480609	2678614	1890423	6219087	5895294
8286430	4351601	5548060	5498520	2998326
2264904	6082717	8402091	3806083	879148
1216824	3966577	1764366	9755650	8117422
346063	6333597	9265239	4112657	1176690
7430988	974590	5909814	1975150	3573128
7357740	8360326	5455169	6663069	1896371
9277085	5094630	7102294	2684619	6424207
3985706	8836500	6441197	8567670	3873142
2639651	8576329	1989272	3609545	7364725
6868623	5339030	7178071	4121534	8448367
1587938	4296307	3496046	7380031	6748391
7753314	4944009	2016099	1961659	6413292
7965752	3199676	4388596	4999554	7156955
9800941	3478215	3038750	2735550	5307808
1889197	7620539	5477800	4244255	9076428
8690345	7892310	5762323	796891	9593918
2104369	6162859	7814767	3466920	6976656
4096914	3518315	8065129	963577	3346481
6404713	7047036	2578596	2426982	5572036
1914214	145627	6808815	5765463	9598206
8248840	1593047	4438075	29495	8476035
4519385	6327360	34048	7677423	4346267
5712596	6947847	1346400	7922719	6101754
8904675	5554035	634121	7225437	416160
4766099	9642034	9591968	8021882	601195
4653012	9408863	2993115	8841359	8677811
95806	4611376	1305523	4914796	6778134
2402025	8632797	2228065	6254430	409919
6956037	4025705	5576458	9966379	3952893
8958815	4581982	792656	6217938	5653646
7683061	8879395	7440868	9723551	6635679
2268040	2719767	5332512	975905	7639151
6633195	9717687	2214127	7752311	4120950
828040	1304517	581868	1044939	8253000
8885069	491882	9388100	3757408	9046630
9772758	8981943	794451	583818	7359361
1823932	3024039	5361921	7436084	3177007
3639732	8379862	2040657	6854634	9979077
304014	715308	6622999	418919	9880245
7589072	6540411	4146053	6656438	6604041
8024196	4247044	4428840	1576126	7176125
3832338	5236978	2681187	3293613	9485260
1212962	5499371	1859196	9125939	2374591
4515565	649537	7258582	3645472	8153277
5941692	4092474	8678969	8861175	9326501
9708260	7590702	6099135	6598271	345615
3009914	8689481	3750526	9858968	5771286
1996381	5573508	417142	3814233	6523823
1448605	3292397	157247	8649096	7392329
6716828	6561746	923543	838275	988074
9549515	7576166	5751878	5677471	8223925
6498537	2697330	2810613	5960094	3644913
2707534	7253737	2506494	6208976	4609144
8242383	3792657	474148	5174025	2903137
6664571	7906409	1302981	6804873	3032488
9985855	460972	1915619	4121629	5317475
135534	9391964	8087213	6626292	3702173
3641252	6432494	4798300	5139390	6134855
789875	2187200	3247337	6190493	603129
8152057	5407412	4516504	913951	9958464
655270	5869179	2794853	1352999	7454584
2316481	323626	9062072	8677537	9518391
1128023	3796391	4888866	4533771	6683722
1740494	5036868	8778352	9232114	4444716
8950926	7291794	6866195	584062	2918857
8032897	6329609	7466969	6988116	250550
1699590	4725826	2976072	9626415	920525
3992289	841105	4053256	5265331	9962001
959814	6042740	4909124	8124285	9777374
3545710	3791435	8800458	3366894	5283007
9366483	2404817	1103403	2716183	6452887
7198408	1832291	7378382	5024989	3006944
1023818	8392495	17411	7800902	1264699
3513820	8624236	4265877	335825	2752554
3809402	2732577	2622857	3574572	5896205
1580093	9346373	3896927	4502329	2964326
702890	4077113	2603042	2970625	8529954
5668581	4841244	11343	9758256	7919160
2031117	8103322	7720144	2684143	5568308
4325169	2338696	8712143	1430428	7777655
5946887	1360875	1681364	742571	1610954
8273316	5728059	9849381	4107522	6180549
7342109	9888631	8051236	9469236	4427679
3878378	7159127	6109953	2256135	3898023
9622828	6521489	3981198	6707273	9330582
2301135	4261476	292251	4925210	7697765
4183878	4522700	7311048	1347183	7137257
7567613	3965670	7463551	2744002	5478391
2624162	2740727	8313942	9174054	8532582
5634457	2008557	1650823	7829793	21098
1460078	3863170	3398261	4669499	8461764
4043201	9728233	9352344	3612379	3162063
6487701	1740337	8841787	1629277	6160194
2521836	8983466	6482043	7702225	9082560
6679135	6866976	9419975	2573539	5803938
5183802	2898354	9553310	4884595	671340
5360362	3293302	5345930	5222049	5588946
3940161	1438320	251824	5317407	561538
6205295	2337638	8150510	7556825	3106281
4483803	3895409	3833802	9583774	2020684
1114211	8398222	6291250	9115129	302112
6978835	206244	7253177	6892682	6242408
7874840	9550935	3781413	7618652	1001236
4361979	293613	3983602	950343	8406786
2560444	1990816	9015023	9059017	5454973
1820699	6481600	3466295	547916	2823533
4655618	8652205	9148463	6635793	2653252
262899	7155784	7890429	5242364	3957818
804998	642295	5625687	4093670	9377769
3959870	410758	4616295	4263598	4224788
6713895	7614119	6981461	3369301	1683761
6253095	5012219	7395673	1708828	5645061
2515890	6703102	5669309	2288110	8739772
4105680	8574035	6344133	6269438	4200757
1410728	8453446	1275569	6242987	7677484
3966612	1889893	1793843	7135474	6063255
7124839	2662872	4174815	9948930	4317074
5995115	9008342	9808441	3670935	2617728
1333122	1381354	5796820	3992327	2252724
851934	3808897	7983714	4019980	1621219
4209414	5500261	3322065	7211274	1395493
5387745	6570956	9236631	8443542	1748999
2719747	5759956	2900622	5627208	7859025
5587678	1171778	6075068	4159051	2816210
6360500	346661	9555879	818417	5265293
4849824	2427010	9431109	3021224	9892832
6080888	664140	4777365	154971	6667730
4859193	2552848	3510333	8730046	3660617
7874545	9032076	5876216	146186	2897765
9879569	7057794	4817975	5189460	4586427
6648870	536747	481019	463606	9657350
7802004	3313052	1857859	6095656	4381346
4611974	4687018	9375626	2151387	7389763
7042491	8893205	377387	812585	5546305
7587158	4312511	4331993	8650725	6816008
544648	4561339	8383431	4149853	1700158
5328013	9343374	3463508	6306375	8370824
9911960	3133193	7361916	1208503	9941192
1850855	8494737	5242043	1602004	6165295
1813283	4693854	3984540	2475004	5047284
7641663	8844483	4943308	6166850	7035884
1955027	6319417	5136441	7710362	7409120
3579654	9091039	5881971	1022064	4339607
9694044	2746673	4280892	1633547	6215174
2542543	5471151	1367478	7532304	92622
3478856	5713620	7153004	8006594	8013443
5562113	5693117	8556567	6174683	8630688
7762333	6842063	6785517	1008338	3573007
6947366	7191634	792704	3055388	3021317
5233188	1171155	2886727	6776964	9303734
1543540	5282684	8283705	3160157	2888705
7298087	5808980	3611583	3941840	5348845
9872496	3073755	5406349	6198240	9520155
1351633	3973403	7307375	1856951	2762898
4967806	9672866	1252336	8234229	2109857
6343389	8050816	6794511	3624049	8462020
6012627	5677508	1413859	8341125	2460604
7766384	3615219	9852826	4767281	8243945
1023833	4567414	8459479	3703650	9055381
5237389	9271377	3615051	5191302	6195041
3884202	3246365	9865849	8733343	8558458
3571773	9602182	441580	9103774	6953741
8489092	1594273	1010273	7589074	8527030
6798506	3202291	506566	3366582	2466350
5205375	7259715	1878944	1503363	4609197
414798	4519281	1218596	2314586	8447154
2456666	6447854	6275713	6163643	656885
2092913	2334851	2004025	8167153	1033261
5373366	2756961	7224143	8298198	9206924
1182960	9852557	3116714	4060827	8690954
3314354	9249909	102979	9533034	5925120
544409	2148754	492344	407200	619599
1352714	7640840	8422375	7402075	7626335
7173008	9767634	4652362	5308439	5323032
7889271	3339803	5512743	2324092	2038845
7542995	7262513	8509822	9929911	3591802
8455638	8093456	142143	2219246	5567340
2528578	7094107	768064	1242722	5941577
5298099	16996	9420329	9879850	6615282
1581750	5482972	5713850	9227483	8387656
6362637	3367321	4293973	344812	9735125
7042734	7870153	7857856	5784574	8725909
5537431	8667711	2534256	3919145	997216
5381588	3197015	4135697	885641	2925526
8033237	3577795	661790	1856664	9451450
8979432	280360	9306099	1423362	2597727
5148795	4185073	3598289	8822860	4719967
7673963	3369851	2897056	112590	6001649
4959819	3589428	350391	5301864	2722950
6472177	9950447	3972868	8849967	1434910
9638593	9721886	976070	3307345	2537850
753118	1932526	7537787	9408934	4724897
5867807	8227316	3924276	1633702	1974612
934531	7191363	7554881	5463093	957696
825581	3971010	7442266	7910575	4985420
4886473	6215548	1227984	4762284	4187733
3692720	5797372	22932	9971957	8820209
1519701	4152051	9577349	6240796	58515
9182721	9138303	9877798	5929338	8437542
7626270	3898944	1702450	3513694	2613141
8314892	7334837	368321	3779128	4708390
8456784	9980076	8471974	4135304	984058
6289134	7404602	7385040	6118504	2195382
6718585	3892270	8249329	6630296	6086129
190018	7043000	1395501	507983	1364107
9945944	4503274	2583020	6995851	9734489
2962236	6486438	8554140	7138976	9571849
1758671	4052845	9052117	6779987	8991701
5550333	7530882	3822934	8595069	7434322
2025645	7884366	5274830	8988983	2102082
8828670	6803891	698461	5735835	4813549
8068044	7697084	116723	9068692	4050747
791996	3900208	1011611	5692150	4615035
4645054	5857254	3495864	7530639	6632854
7503400	5799499	4896492	3489559	2987323
5716258	1521555	5548894	2137996	5930305
1692505	9421766	9854356	3306735	1852227
3595102	2405131	3778033	999074	523565
204187	8014594	5564854	7326696	2031535
4043528	6698535	2677044	5982502	6042095
9070081	9508190	9281916	9126580	2847777
727711	1614851	6585784	9085016	6055719
5361080	5984801	3085923	9866830	4480854
2379188	3878204	7892243	9714607	3912725
6551820	1740051	7774465	7824289	1209358
3536498	7580989	3866966	1677918	5175167
4911320	2301449	7610576	5323250	2123417
3039802	8485470	5816299	9494402	8619078
4118929	6376975	24211	9502311	5560346
6234199	8748942	4492575	3568947	8021448
36795	3535716	5227414	3576918	3092229
6358938	3111961	7135238	527118	9492515
7950753	3123658	4772851	9053047	1573893
8642138	2263109	4531126	9686989	3634180
6098167	3756699	1465605	6723638	5867192
4930820	2540934	4226666	1349371	9536681
3491931	2756964	2656315	8146884	3980910
1224197	9883132	9454956	318971	2944724
3453613	5286312	8858309	2535094	1090578
8343684	1060212	7253114	4034297	2112689
3497778	1539246	5262678	3329198	4676476
6142450	6050014	7013410	9914910	3177087
6040598	5158107	9357194	2427111	5801986
4044526	2609091	116779	1081809	5711305
3865749	2770225	9134362	1118599	3404224
1005024	4742659	411666	6729858	6556313
985330	9719354	5903157	7927358	9086843
2674020	2384566	4949848	1161450	8592994
1911776	2066660	7276673	4969741	2462910
6718823	1932815	9726500	6895067	9716017
5977082	799272	8786986	2107529	2766836
72267	5802823	9267244	1254378	5642362
4285204	2552838	7473292	5469359	7849968
5412595	4233888	4997465	5732292	583074
2340774	2501983	8914690	4071703	6356455
6906363	646260	7293544	7675804	3369053
6939279	1694693	9361880	1947183	2166477
1881264	8183700	9668584	6791242	8541478
4911	4967515	5386548	4112550	2435320
3720729	767470	1228527	21456	7166806
1281820	2244290	1142458	510869	9977539
4848752	9522188	2367962	9186598	8999558
6260370	7657979	2961527	465932	1848767
2817472	5720986	1428273	6465287	6697555
9339217	3172391	8884777	1172130	2384230
762612	5810541	1396089	1831600	5057910
8129554	6289465	6748028	2169067	6168906
8550250	8189874	7845332	7563651	16509
6986319	5167192	6302004	9301144	5369891
3149662	1145316	4926318	1039587	8509188
462881	6668705	4158103	2186234	7443905
6869750	2545707	6126244	1443876	2584576
8738215	9831348	1191771	5408135	3278764
5449910	3791607	5083704	5849137	4380299
7265793	5829792	9518100	95	3356620
4796961	6486833	4707925	633486	4633568
4286313	5408423	8966067	4556553	4866399
6227293	751128	5693363	6089273	2423706
839233	5696265	943577	2026912	7868124
2736333	129621	5029408	2130293	1940778
6789978	2777616	5972199	9984148	9173616
9451308	8995377	5001610	9205124	7827765
558545	1300846	6677903	6535271	5173113
3629778	9106593	7986205	7198657	5173342
43486	7474370	8954416	2546548	9986274
7343731	9652858	3505660	8126381	5398972
9278899	1859058	7080506	229220	3622588
5521491	235411	4043274	8328265	3885617
9693507	3551228	5550690	764957	8427084
1435191	4810670	4648417	3537113	487304
4150354	6262308	6310095	9837061	9892967
6614239	7484214	3747819	4641829	3806761
9273783	3037603	4281024	8460785	6904552
85580	2789930	5545031	9634013	607653
314519	8414847	429359	4934570	9572695
301777	7335148	37802	1683207	8023004
721928	6326168	8423978	8272420	4648242
6637556	7045373	5356824	5129184	8381145
9755954	8871732	4172425	4084565	5395109
66406	7591679	9281719	548247	1517274
4809529	2829471	1646748	9330172	2884129
2199633	9927324	4662355	82182	9197602
8159226	5129222	9928789	7790329	7354194
8229763	8207556	9213459	7203897	5338191
8307673	6234088	8833176	9739300	5482421
978472	8049798	3267056	7718550	2063796
3829396	132781	2470429	2091446	2997140
515792	5052296	5308185	6079616	8349467
2422399	7944309	8422889	4912065	7777128
485708	8779596	2637431	359789	4426609
4389199	5483344	6677540	5315203	1813738
8074079	9578775	4586324	5783082	8736298
4939576	5650869	8545071	5609154	5141740
9859539	7931916	5214013	7538432	825050
4313371	8881583	6378115	4133331	1236751
6198310	1202575	8483781	8017834	8443073
7869993	1073925	8350380	840655	5524810
6969780	7555204	9099190	3242468	9878778
2471335	9174514	2723139	8802656	4891005
2799859	1708966	8961878	2076179	7047225
3873864	7573624	7645976	127749	1111835
6892773	878744	7205624	3836311	2338765
7553406	3569101	106976	5355588	229802
7089982	5939998	2135347	9791280	8838108
5087997	9192187	5759760	987378	4985494
9346905	3865544	2484288	1912927	5655270
1609256	69969	2618108	9571710	5704779
1227713	3333000	4720540	314688	1074935
5105636	6484286	3844488	3473403	1676285
5560818	2747092	7165137	2337717	6664815
9136393	2608666	4200421	5177979	9465925
2658579	5261931	6324692	6707127	5307760
4279077	3936431	3023718	7805215	15303
3655745	7553133	4767795	2644696	8798811
6351573	3269568	452130	5149251	8868050
548042	2588420	8930773	3599335	9979725
715601	5646632	2664803	4705055	5607036
610372	344870	5835028	2484304	7615984
1482261	1477359	2021000	7327243	8023416
5337243	6042458	8143563	8095428	7210253
4267328	4643410	5308418	9832130	4811448
8774390	5937475	4733236	6361101	6702485
8747548	8901819	5494248	6999615	8508830
4330824	8659061	7962963	9259867	2954935
245113	9698198	8948729	8273126	4718244
8083417	2066211	2536737	9144878	9088669
2455160	1246615	6626242	1163586	93285
7154744	1423908	6333713	4086339	7702130
4667739	5935946	4337168	7155717	873111
3392236	85607	6662521	1051867	3270089
3897713	7434433	1023581	2160186	5413325
812150	5029286	7624524	8224092	1537988
9004543	762012	968497	3851594	8370398
1277636	2891593	147674	176670	8306808
7357418	4210477	8563181	5357537	9385776
8191380	4684678	8666769	6533578	3928164
1063933	1232480	3481682	9853218	2791666
4150284	9756519	6818888	7972817	7477925
3674304	8185105	2254546	3266233	8952657
2145373	9755293	5069927	2678601	1198242
8422746	7088001	7960207	9882512	1464849
3544077	3858191	6493743	894210	1490465
716912	5674577	2694714	9490082	568130
8412751	8933262	5457190	2844284	2563837
6342938	57302	6367410	2950256	1936617
7009369	1497323	1670695	5131094	7644329
1962121	1474468	3131544	9698564	6102809
4647189	8217376	5297745	2780302	1171956
2498313	7158373	2013276	7897632	2150962
80377	9234482	2006932	3272114	5814317
6769415	4508434	7084409	11260	254370
3353451	7108952	9584845	3544884	8903795
1319183	5294894	1942668	4090416	483877
2821393	5818491	6669731	3078458	5353284
2740217	9014686	4122857	4046517	5910255
2927279	9825584	3264896	5574525	2862900
2947511	9715163	8763080	1024608	7377605
1811927	433576	7535773	5814944	9428902
979594	4418168	8154509	2056143	5524063
9525871	4344505	4749696	6654915	5298337
8304059	4967211	4361438	3587750	8402009
1635681	5747710	5543254	4949510	2609668
3185543	4946644	9042942	1359172	880456
3386556	7049374	9429992	8923426	2382052
8799603	7736159	7980676	4569795	275464
8084973	7773125	3227996	9577711	4345727
7809835	6732498	348807	1661421	7665466
2799145	5951051	4436228	2693976	4924026
5425540	678363	2666959	5237377	7782465
7136201	6623169	3979704	6239202	9230574
6460162	5946284	6477471	5806286	7997498
8282770	6768840	3221334	7961551	4032718
5869331	6095293	1806904	9130073	2891882
8431355	2019080	4786519	1236376	733503
2006639	4563833	5855216	6058396	1669677
8805981	5501364	3938311	5204664	7212699
1010255	7268075	2678401	3669292	9719754
6283840	8091313	6914022	7496587	5150162
6267554	283071	61665	5658184	6199108
9477036	5509874	9439955	2769316	8968455
6039543	8168159	9083454	3272643	1818058
9993826	6318433	6733628	6967022	1028632
2605642	5238236	4590060	1840033	1682405
6926282	2000434	1576292	8569214	9119395
1672577	4120019	6780797	3062783	3281637
4985789	5618983	3635894	1987378	1981823
4571462	9219046	4977810	2524492	9629024
4019721	7240077	4253082	8535074	4813932
214701	6180831	4395286	9198398	2115864
8326977	6381214	758562	2757634	1618308
4847854	7363774	1045059	1830990	1152238
7014413	9262453	3403469	5219927	9616298
6483384	8360401	9927554	1245382	1236056
2613567	8162583	7281166	2431020	9378586
4115571	7604896	5766784	2986670	4825634
7924086	378439	2377387	6276766	2718976
242906	5629483	2096217	5112765	7814917
9576726	1894899	2391687	3509596	6678998
9539356	4151438	4194583	8217445	5767683
2351524	5366415	3862233	6407731	6494313
398854	5652737	1260107	8017045	57222
6677688	1487281	135940	1065997	6783118
8669207	9351948	1435464	9990821	3410140
9707646	6529901	9083777	1038239	8731227
6978108	2189177	1678553	1458301	3339909
1556922	2288229	4698938	9797922	2003650
8242794	8107151	9879794	9830007	5565008
2375302	226866	3066709	6556721	2446463
5319040	6207628	7701971	6667211	4631833
3588836	3844299	8744425	4531539	7346915
9247804	106785	5712927	5832268	6218033
9355013	6759147	508721	9831687	1328792
6986780	3540305	3853064	3916031	681886
5022786	2458786	5648019	8995558	6066366
8444885	85909	8140331	7811334	3968517
310432	9493338	7473076	8988145	8522714
7726207	5202981	2755798	7483032	3381297
1875779	8339174	9313474	325298	3476773
4207171	6408342	2127479	5475357	3850372
6412209	3186597	3928565	8110960	8952941
3691501	8994446	9595789	1908803	613195
9040325	1943150	1206571	5678595	9394860
8479412	9178498	6467487	4094867	7510846
4489262	1208917	9817257	7602688	8692279
4059619	6017921	8663648	8324527	5009421
3061043	2880082	8496029	3569477	1556052
1259735	1228585	7823011	8766054	8043158
8888125	6137893	1714544	1326367	462956
4083989	2942048	4086718	5453007	4894712
5048081	7182227	762019	4548875	1036497
349460	2071870	6874635	158014	6578871
9740783	3347901	2466469	6655314	5124479
2923743	4210262	88994	4428748	3526911
8961759	2259064	5439066	6327963	1765164
1711828	8163217	6361947	3465048	9288478
847941	6205329	1264525	9835724	9649456
7404874	797436	7392198	2334649	5344527
2887237	8920237	7844476	1038088	1246132
9028636	1547990	2814800	3325661	9017197
7756090	8846433	2410568	7860903	5283975
470932	9536869	5303740	1671605	8253445
7808782	6336055	5967503	7121828	8876620
366536	1632779	7680063	6060699	6480375
3978620	670290	2840061	2306141	9385194
4563434	8984806	6279033	5136672	9711402
4252575	1458087	5430526	1162143	7873564
4423304	1318746	2360687	4239634	3690793
7010929	9984623	3662689	1573721	624388
5688093	9409644	88331	7270852	2779868
5313656	1958339	3609020	7203318	5017354
7052698	1734490	6212154	5892481	8870655
7570465	9894521	3159161	9479558	5105733
1643755	1656750	2887610	221661	5631769
5251757	4598353	2591309	4212173	2960075
3578870	5655332	1098623	6094575	9581301
9177764	5827972	7216776	6893068	1754160
4533842	1422551	1918807	6744405	622048
2898270	4654729	9966680	1197891	4906998
4649107	5823134	3615790	5105970	4771222
712976	9328845	6957691	9951332	7221354
5139183	2565412	3220309	6357282	5726770
9801220	5790209	3711114	2360610	649915
7063038	1318593	229528	3504117	4212109
1049969	459288	5980931	3199539	5872953
157012	4118598	8614341	9822727	9340216
690244	4847989	7292812	6643663	167663
9623049	8129564	1736836	9332645	2615747
2127515	9821790	3566192	3337324	2117433
199562	7274521	5348487	7312420	3444444
7600468	8791876	7369406	1928643	6546426
458862	3934961	323953	5910942	9527284
8039523	4721266	1661370	9835896	726951
879301	4429550	7200773	1719653	7342614
4860879	7308980	3458781	7238513	6682834
4479489	3082421	8960867	9662048	8294810
9123360	3968229	2836920	702532	5091240
6047472	8767770	2627053	865258	4941205
1394235	7938008	7571074	2171586	4955281
6926214	1048602	9185860	6403750	1296107
8238358	9181098	7944769	2883433	32698
5445239	1035619	7503675	4245936	9567561
4194752	1886940	3717555	9472096	4399349
9964832	7421062	1574787	6394446	1067913
7311932	1766820	8979176	8255346	921657
9421455	3569871	7650875	8892636	9129850
6479800	593033	7256640	7972745	731810
2593680	9667256	8774698	717134	1156209
6711453	8373319	1377857	1244514	8229591
792250	4744143	3965402	6377645	1971819
150661	5032673	7884826	7496737	653820
1038349	1236858	854039	4602657	9869452
5202597	3812107	2132408	8501526	5098340
4896661	6474276	5852424	5903417	1173757
606834	1518803	6135691	4589382	6579083
7924843	3679225	8283132	3534219	757523
3904674	9800006	4559171	480543	7506260
6719988	8739854	1603948	4053236	2544929
5169188	3142231	814886	6478508	3543960
496058	6370005	4479889	7738589	72459
2124385	9779539	9270781	3018151	8016859
2433605	5259628	426207	8933799	1776003
7586903	4650146	3623430	476070	7844711
8780672	1311685	7198512	1773126	8140738
2063273	9440362	8696029	9390074	5015573
3774617	5706536	7991972	7084001	3243330
7026578	7686138	6803105	6903580	5051380
6502583	1760696	8470420	3823196	1612727
6304929	330704	8793349	4765213	2588684
9198533	2642771	2148122	4886087	5389596
8692097	7640930	360120	9429815	7315532
6861722	9596333	9026910	7055008	4631773
1595190	2952515	6788091	810699	7084931
4885520	8615972	9198553	9667704	8337837
368640	6195696	5285840	8468526	5726936
6850251	8946368	730600	6375516	774472
2721609	4647571	3761054	3786882	5929230
5366800	1866378	9761564	3474024	637885
9685368	6399792	6364896	5307769	4427143
7587279	7362589	8502525	7628922	2524472
3332919	2973938	431535	8718813	3479819
4362934	69726	5130470	2712775	2401951
1444253	2705104	4212291	8066020	4202560
9773125	5691745	1158877	4307496	3592195
825112	3899302	5581980	5747213	941992
6451650	2653192	8554036	5417295	9788742
5559033	426051	3463724	7355075	5747016
1275948	8743924	6314490	2672167	6958911
6508680	6220167	1662783	679703	3722497
9051105	5253933	6260697	5779196	5798889
5504041	180429	3571022	696097	4516593
3195294	136480	9978139	2649848	2573187
9287824	6728840	7658413	6150888	1876883
5977251	5709987	6141858	3424960	5911627
8920961	4738361	6161311	8883238	8374667
4857217	7583751	8780981	8645804	5284497
2247685	8445467	6194899	6776133	675951
8588158	7236507	9417050	6568972	4834824
5620166	865824	5350831	9989666	4396293
3569364	8272282	2450986	32148	130189
3956390	828605	8904312	4793791	2961504
9790718	4931263	2653854	8944401	1121635
9847760	3422430	535730	5288465	581479
4266161	1333857	4338027	2931428	2488174
6479915	6448209	4690295	5443510	2095716
5284636	6847040	6187725	5217772	7776367
3276341	9559330	2526705	2295444	9256624
9987376	8401370	9039241	6966069	7322701
5062523	9464211	7752275	8405301	7686488
9039513	5875656	7665875	4483120	9656024
3483836	8028420	9107510	3422309	1627188
834079	6541403	8083802	5409618	8927501
9307921	5313609	968611	1766531	9456575
9524140	4091586	3467671	1380525	4743407
1632527	3689072	6335253	3244818	8524506
3181896	2511572	6958833	9438298	5726229
1012204	5110645	1149730	2989279	3989670
9235807	3928298	5646219	8848161	9097776
54757	2052433	8073445	8142197	3523404
1784797	409498	6593080	9739589	6399031
3976101	2753738	6626446	1510894	1298039
7290339	1850472	5304522	8104891	532967
2600507	9401304	407009	9733890	3449649
5112238	102383	601460	9392778	4164726
551002	1272915	9046701	3680445	4817614
3589201	289563	9995983	7477006	5348888
8898595	1513558	2121937	1543340	9249260
2741972	3938661	8857156	3438056	7744974
5634563	5942610	9186698	1720978	4004385
7569328	8224069	4003520	3792336	584382
7950702	2199605	3333227	2791669	6810869
2932097	4140411	5637217	2882151	5772639
2204882	2230986	5023190	7789017	7773635
4259354	3088996	61411	7344941	3892598
912087	9457308	2172968	9031821	7451673
8154937	1492035	7696426	8192475	3884099
5839925	6044777	5668886	1208771	8345669
2813458	2953612	8635711	1761918	2382576
8478779	9315513	4572406	2721020	7482158
8525402	5780301	7282707	1911269	8136737
8945289	649665	1890247	9690292	6021960
5169769	577221	6514986	2645220	5465081
113894	8252157	3147928	3591343	5025712
8452681	7817129	4293916	5979111	7357374
922612	4263930	4172623	1530841	1412562
7655572	6349600	6806398	4460572	3677852
8358040	4019680	4352443	6397485	3606478
4193373	6393681	331207	390123	4385793
7520425	7199488	7997464	5403379	7438723
5102490	8479135	7584181	8441081	7306901
3173716	1938257	4828061	1567536	5933215
5170185	4901144	7317438	1841774	9580244
787047	4793614	1678476	1988302	9599277
9231834	7663365	7219228	4061520	8944637
5017532	2457838	4412757	8027400	6580946
2953879	3203317	430137	3502027	3870801
8221168	1259732	6117290	7025504	6925168
376368	6716769	201475	6616441	175004
6510680	8756870	3295942	8746406	2137713
9201244	7449252	9277949	9642237	5518181
9859317	6674224	2425993	7041665	9927418
4876372	635248	8845304	2290179	4185919
9308823	9810632	4190849	7842735	3763768
1167773	2915676	5461377	6735359	8951729
657036	4585994	9668724	429914	1908271
8999559	6762437	2561191	4049578	222643
6348243	7191749	4239766	4192038	4060846
5381759	5790612	9783589	5624434	4350256
4276110	1004300	9442793	149837	4404117
4074675	811443	4009036	4360407	5892231
4528270	4789216	8900472	4920757	9698109
6982148	8389734	656788	8819784	915721
3261435	1577972	3885035	770206	1912690
4804136	9863527	3481725	8553833	9036484
7986209	8721422	523678	7827409	8621513
4693728	2480719	6586296	9037037	9841679
2940078	288632	8680428	446689	2188297
8281803	8385405	3195600	5925164	5653768
6602636	4682921	3480844	8442870	9467507
3614891	9104187	3158647	324482	3878694
8475965	7847197	8086010	7200127	5569706
3285644	930018	1465636	6369657	3490176
7561211	942438	6766891	8770125	9205385
8555594	6278797	1708245	4625434	4826807
3507217	8371641	2345647	9215127	7712228
318452	3586910	9273346	1406454	8055647
9390548	7652849	5271305	6063341	17066
4240345	7429195	3294744	5859721	6939683
4841612	6527039	7157018	3939548	1094680
6313433	9080966	6996305	1108178	943965
8506050	3847781	9315742	8794747	1640863
2411730	792148	2914056	8130318	731463
6630358	5055635	1094229	6672794	2256087
4576272	3910870	2401264	2125312	2783034
8724076	9982260	1320114	2077909	4274915
7482871	2245519	3181475	4897970	5998178
1065095	1406782	9847333	1469256	7016727
7341154	5482932	8189858	170412	1806868
5574701	6002380	4165535	8431669	9535236
3330200	6729870	7517623	6081008	3081989
8076159	3041575	2263348	5396705	7386283
874011	1748524	6935191	7367684	444481
287260	4961385	2275186	7222812	848877
4907375	5591691	6828509	2211955	30867
8575853	3719933	6222829	8058786	224521
9290107	3422437	4827396	1185541	1868488
9430040	2213448	4278370	2377924	4564852
8751496	2611419	2820983	2221248	9744539
2249319	5166400	6086249	9604490	8005591
9641969	2457145	2737008	2724870	9426635
4016450	657419	9620219	8872260	9890154
7370489	722220	2695785	7271960	6350651
3308553	302746	3532601	3020194	6105227
5534259	7389156	8259003	4730794	4853781
856178	5251024	5010157	7876648	5006239
6020906	6900051	8752123	815566	4353587
4854476	1040663	9363814	5519997	9871866
3886911	8812587	9206945	6303647	5996113
4683365	9628019	842360	6892142	9846774
5817464	4210154	887612	7706731	5428407
6034144	5169546	6045190	7112530	8462582
6739275	7941826	4206453	4421129	1511951
4631765	1323201	1980058	4080295	1390287
1920862	8137597	4123084	3653368	9155413
1106531	8276643	5485256	1305908	9195446
2849769	7110228	2045586	8199755	8459473
104716	9486193	6413301	8575891	6742537
5903332	3229572	1423909	9621514	6106133
8600463	7036419	2163551	3189895	3769500
1747129	4512639	4655589	4373101	7344632
4767019	2897877	1848438	1814589	6956563
1897912	6120875	1937782	4177298	6770653
9168322	9046197	4363600	4910499	8130921
1991966	5783866	8043207	9756876	6035063
6113058	5122078	7044590	5016726	3832033
9078719	6093266	6389334	3249439	1826919
768561	2192374	31926	6105956	4273711
2028397	726935	7242539	3991484	4579708
3579200	4134130	3436760	8928594	2756797
2513848	8977485	6333213	3344880	977600
9817585	5990593	4084255	1495217	9841283
6981608	2449134	4344764	8964693	7200316
4139338	2203398	1288259	3371301	5186498
363486	8565731	6056820	2130329	6976241
3517251	1956511	9958867	8248396	1693568
5426120	6118419	6008688	4472807	6772815
8714987	755536	9343167	5278636	1337923
7655780	1577652	4974804	9458000	8600186
6391651	3217257	6430292	8893217	1664861
4470518	4339002	1797046	7323	4584147
9009219	4069187	2496084	8597041	6363547
7048486	8710306	1610087	750781	40687
5334265	8872908	4500527	2247793	1769548
5112076	8709191	8453000	1154758	4942743
7952625	2416897	1493705	7684811	3866594
4962807	7508757	2833262	7316637	8202632
270812	8599369	7611591	162837	7369500
2707506	9113412	9651666	7043666	9264400
8143648	6501530	6388227	5940510	9823025
1691359	2258910	1202958	6265764	693293
3976576	3754573	7034311	5742184	5315512
5332754	7214782	7437739	6522027	3534408
700942	6158977	7654575	7646743	7504591
5832336	831141	702749	7272901	5551652
449705	7020933	3747380	4658829	2701175
5177931	7488640	6998230	4259795	5931820
3095502	8212300	6195847	717376	968901
7323934	953676	1407189	7083629	7348456
1332322	3329475	8778224	675762	6385827
3267203	112464	7677393	8060177	8009973
3446429	8910010	8391572	3542427	295885
5392790	3800713	7838139	4903894	6447778
7628620	9037596	5180432	2394330	6081972
3638421	4834651	9351205	6409327	3626840
1484937	2745305	5287217	3455754	9082781
9515398	5371846	2937311	8188239	2254661
8291162	243915	9955686	8865910	3918413
3998206	5111406	273150	4002541	6864162
3118608	3168548	2146436	4962441	1762033
4664423	4308358	2460449	8497771	7005554
2719571	2397839	1985862	9218587	8340760
1440502	6642147	1356407	6461463	5003233
9291117	8292042	458296	6731786	350093
1735277	5401728	4711190	9488112	7455757
6948454	6844727	1018136	4760410	4966916
9958053	3665461	5887604	7418618	4068054
3719296	2089641	900745	690729	8416944
3485009	3774971	4184700	1915529	3720168
6476182	8695521	6687503	5924863	9198046
9652796	6607058	1474027	3537560	239471
7463298	8486006	4015315	3895569	6593396
4925734	6216483	404411	5285032	4255346
2456614	4933706	5402655	122364	8010766
7491456	2595682	8098290	2845946	1209271
6666187	6907406	8658368	1370110	2775886
2837728	9551760	9120613	3267194	8177395
3442268	8032444	4793842	5472559	4922716
8732578	4414109	738286	6663746	7472908
3589448	5194634	6915867	8981682	4204952
269631	1012871	8237896	3810908	2492740
3021330	8566281	3060156	8304106	4766294
4956315	6097907	9540301	4276879	5133776
6770528	5580657	7671295	4399903	4617318
7781310	9036743	8317913	7159058	8166959
7487135	4223291	9660697	3600959	65898
8794470	3542317	8431809	7087040	2477487
5526384	965049	2752045	4305528	7116131
1343517	7022003	6803007	8112641	6081183
8764092	3422362	4356883	5395676	7060956
6533185	5288453	2194908	4352751	7387523
8792113	1102810	6907491	3137345	1361167
6088559	3873466	5857040	5871464	5606571
5319413	1343330	3286808	9192613	7778658
8849879	9766639	7188270	2186476	2232373
5279288	9802634	7688377	3395114	8426380
6444436	8709086	7932173	4260837	2121377
5734132	4221078	3168255	7126667	5102470
4835475	5819458	3195826	6136751	9038354
3401568	9174094	2278555	2150730	5169003
4094038	2239694	5653179	6916899	1840912
8226833	1888396	2358434	2728848	1582425
4534500	4468565	742764	3859852	5629090
423671	2145956	5601435	2624744	5105198
3128939	7661781	4155762	9421152	5595845
5390598	8843264	6422642	8014718	389683
4193217	3164076	8399176	6303862	6217445
2009492	9399624	921956	2813759	2360424
7785924	5095423	6932283	899180	6855048
7793156	499106	6276123	9749415	8858847
7103813	8734069	2422853	9328689	9887025
8328212	3186449	4766399	3610552	8973716
1832836	2401021	2101069	3733353	3330975
4046628	7609187	4668334	8157683	7174621
619365	334185	3246777	796870	1918498
9835956	3667752	1801864	583681	1178046
6761375	6920032	8780242	5040344	7563848
4451061	2777925	7918153	721756	9227285
8712069	8801520	8914023	6265863	7558916
9176537	7443504	6296386	4171518	4978601
4902559	1866909	2514003	3858868	4950673
500574	7170605	1677793	6645836	3618618
7015174	7247193	7861071	6829250	3008420
2872311	7896107	4871137	6097724	3444835
7026659	8206721	3077965	6959017	7231023
7931689	2049032	7090151	6621701	2568780
1731436	9091798	9341015	6070401	9898792
2799554	7324059	8747491	2972367	8659345
8336268	8722934	6462057	531026	1702166
9796843	1311447	2814162	7034381	2312650
8811761	3824938	8414370	8114074	3806225
541414	561281	5647455	549403	9298797
4441836	4669727	5859633	8571423	809024
2070056	9980782	3044354	8859662	371460
2257755	7689366	6799812	7714241	4586075
6878321	3696499	9479546	6355004	8758607
8880593	8354730	1497257	5100863	2097042
8387555	262323	9002192	9978745	297732
9280859	6795036	3234150	8488960	5805664
508973	777778	6268295	791633	4035764
7989799	1593231	827890	6187082	6976222
8492784	2520682	3907714	3407998	9679730
1581432	4425866	2602481	1505546	2216836
6226351	1296597	6414754	5238975	6623993
7486155	3228983	9823384	6553214	7148248
6454250	7892127	6631525	7817119	4208242
3072482	1215500	708582	7578099	1080870
8103915	8097794	3794017	1616465	3623287
271397	1632126	4217495	1370875	6957237
8429782	4172327	6798715	3862632	7929518
7340275	1039958	3121933	309849	2821958
5858587	4278962	6243238	8337866	6562972
4315391	1338611	3942529	4681153	3668096
7878259	1618010	3154206	5794158	1114063
3818621	2550486	9456380	64523	881998
5133706	2617241	8458752	8613458	5278635
1389950	3838807	8383540	9996172	5529485
3373517	8691833	8658411	8804699	4189939
8635737	6131291	8681996	8546294	5152366
2690884	9729784	1560314	4409160	2222613
1094851	8365369	7710083	9536335	8446474
1685232	3997644	4685242	1984227	5437073
6607090	6220125	9264820	3845566	6213236
7937428	1415307	4971311	1232556	2486374
2848148	5526538	8790549	755675	7264892
4982085	1519270	5713617	9004899	710262
9598211	5312693	9922039	6565494	5226839
2055269	3909465	7266753	2598704	1980478
4805753	8562439	23340	4741386	7379564
5464027	525406	3909850	3267053	7458535
230633	1482093	1859049	7260945	9946749
5588168	4833789	5920083	4110808	1830893
777177	6155732	3900487	4739376	2794870
5134400	2949976	518373	2397740	6585679
2479386	5036304	7292431	546309	378378
6171545	6590441	4731568	8273034	1284172
5355849	2905791	2221679	4073282	8303187
7402898	6279425	4010156	764800	4591123
2283247	6819550	4903709	5180069	5555684
3436424	4527311	6021463	615655	2304484
5722900	7167120	4851077	9698923	5200027
7394817	2039388	2018268	2204213	229783
2763047	698169	4338300	1966117	408510
1123042	5326131	5622497	1449539	3265411
2080668	3338950	5368553	7153315	6267731
3393136	7673692	5641691	2944343	4360953
2898431	323576	3607318	8206105	6455968
9361667	5111386	8686007	2841527	7517936
7764114	6521283	6193620	9548285	5911952
8684625	3332407	9897298	4516879	2222256
2761130	1247359	1331559	932997	3520433
9621918	301772	1592709	906684	6167062
7325814	9781043	6196850	8812238	3468900
7576606	6077134	5919167	7616570	802877
8954938	8913277	5688781	258072	3705365
5376554	1136739	7289111	3088790	5317069
2094235	2251514	7877312	4261019	4433428
1048728	9185942	4157460	7548181	8823665
145862	6127444	8541586	7607107	4721603
2209886	9956383	5604453	6689550	1510549
7052186	4043061	4593731	2560489	4995090
5302571	6060158	1808929	2507608	9567115
8104475	9310440	93048	2290719	6861036
4344321	4450984	6067663	5534969	6505583
6984869	4848847	4033324	2651116	4664582
4946654	9605329	6456886	8691717	9187820
7779907	1866544	2766854	5944857	3218784
5965564	3054296	6978989	7576597	7763608
8410341	947833	25004	532330	2259251
5923505	1370584	8649013	3147403	7197413
3510027	7480885	9316100	5206129	4507445
2473441	9414927	5755153	7622317	3264214
5930730	3162944	147727	9707332	34750
5775694	724840	7280674	9367610	7484409
9004472	4344044	7470352	9605808	6607523
6489007	1340057	2677772	8070555	4041715
6788351	4835511	7739232	5007165	1059417
7791244	7458967	94315	99302	7660137
5737854	3739415	9514285	4574652	5882908
6330275	6712924	1519010	9599852	7891619
2193736	4256880	8692578	9171405	1931261
3615555	5807455	8443	5277496	6444871
7280417	4392111	5847104	7733684	309192
3580888	6640498	708379	5127399	1684495
2487868	8329649	900443	7734601	6285691
2727463	3620608	6549926	3415012	5006727
5935146	5376309	6475651	4890011	2760767
7201613	2260560	6520572	1482129	1118884
6996181	7440502	5219142	9570165	9649425
4891487	8222442	9069044	1034929	5612144
4096484	1255487	2547902	4888879	7511183
9676700	4159975	9906099	3900708	847847
8127654	1100207	8808447	3212890	4654404
6377053	9912011	1613193	7955129	5072651
9396309	3451209	2345708	4666343	5019810
695734	6820430	7207915	7793767	8849436
367492	2809111	6552572	150805	3298118
3987065	7747512	252199	3996658	9126465
9264513	4622742	9388035	4780913	6256714
817408	6598758	8059540	8805950	6504121
4275624	394037	3156699	8617655	6886039
8451138	1558371	7708471	3518339	9628616
4382426	5299696	234999	4863576	2184835
6343803	4531251	7350266	4772833	5830190
5054063	2084357	2623478	711756	7626666
3134434	8630539	6365567	2769495	3552997
4413093	1191335	6350075	7035622	5833936
9677154	8411978	5216096	2175911	8416090
3587835	659007	3767815	7263180	3547353
6674387	899283	1847872	4823748	8022111
5430829	6488658	200981	5872103	7647525
2180270	9079173	7901050	8167999	1131190
6412097	7823782	3345980	7850215	6764796
621981	8403329	4445978	2638196	3324515
6943285	4512224	1480170	3132494	4637697
3581282	4271145	6151358	9430942	9418993
1916422	8484331	8286106	7587582	8766409
4821341	1809097	2291956	3214547	1911482
3407080	2503500	5939365	9563221	8776444
4925796	5662202	9835147	4186875	4857209
5815012	822894	2609124	2617802	3458869
1142232	2857696	799350	3478899	5061950
9785057	8294580	9832129	2908953	9735395
277551	7176219	9255913	8491039	521181
1911335	8263898	390691	9904922	6122905
3336545	1617241	8501534	5701420	2638981
2699516	6965009	2879725	2822584	5312638
3108293	182210	2466921	7079072	9720290
8544193	5431862	8967840	2129157	9033646
6871120	9873936	676841	3022129	4251185
5471961	8229460	4238176	1141338	7879849
8071238	7789341	1681090	2728322	8754598
7729524	2509669	3134729	5479921	6411599
3044447	5891032	155046	1384410	163086
3607527	2255064	7420888	264148	1813604
7350517	78570	7043536	3906676	8983679
7194223	4822138	8447922	5029342	6294436
1509844	671394	4841142	1913749	8395149
4870359	2070071	6928334	6456850	3282518
9036565	287987	5084388	2078804	6976532
5161072	4898148	999386	1877653	6258536
8277385	9732066	5333229	445728	313639
9508111	5847524	8912385	600058	9198389
3461087	9913116	2010136	9029114	5373482
7733165	1123258	2347416	6638032	9067745
3052829	7942686	4377022	7940955	2639716
2531106	1851043	3326384	7068423	6377744
4443601	8504886	4662132	7040125	5255789
5631628	4946048	4753770	2092206	5764519
9663963	2532345	1947679	5639288	855232
1932155	9208336	4799355	9227162	2356885
2818343	7600106	8576822	5804220	2189735
8038376	945255	3477662	837298	7119449
500349	7163354	3470689	6445871	3717125
9893569	6371090	6902694	4830258	6309287
4787192	4447326	9010101	5796336	5867752
5587578	5622763	3692901	4053379	3056200
5740125	7618056	9071703	3456760	9610896
9883175	4946469	643989	1237311	8413695
9556106	7356636	81926	5731056	4795085
890529	1271278	9039852	3665745	5770659
9777563	3228219	3421774	815757	1011107
3588964	8550190	311122	7644940	156630
1497440	7688064	4914837	6820159	6482703
1137793	1865082	9604396	5884190	9281672
5175232	4075865	1198501	3445584	3810760
9109065	5733595	7516710	6191588	7473110
7129377	5886483	1126856	8188129	8122749
2056383	4896228	7417464	1879619	1418570
1436418	5090672	5794612	3670532	7264063
3844820	8971347	669405	4117053	630873
7899924	5676936	7176577	616110	9519121
5999194	5313206	9906418	9852442	3176768
1257623	4232102	9978366	9885101	6851542
8952903	5474199	3695268	9612675	6319973
6133702	4998999	630351	7365038	2784822
3365322	4448628	911076	6925077	2055683
1393944	9866534	8177923	6469884	6358485
1876183	9691519	8444657	4596924	5812720
3383703	6571116	989255	5332521	5898678
4760364	1156718	484841	887799	8258535
8682818	6992968	5381413	3127922	1016649
5475736	1004470	6376864	6999656	5544549
9881725	640941	7273391	5034373	7039597
2141803	3146854	4782081	7185827	8329884
9143199	9794960	393080	6856797	6051810
5729070	3567684	2252743	5950311	6749830
6942696	594368	5439613	1163331	6272545
443026	3099944	4262884	8193578	6550024
6383501	5669731	290930	9644190	478529
4871298	206853	5599050	5209501	9515753
9734264	2426210	8043661	5049017	3134567
1328714	309680	7902492	872051	7464024
5456526	1820271	1341633	8067023	6225786
3000707	341105	3015790	998318	7901166
3100594	6860851	4506851	4037156	8647525
9936500	4302122	9439957	5720021	7075486
8905961	4330022	8009362	8343529	9320089
7148000	7519874	2233265	9649301	6245399
1115074	4333375	9004739	2749688	8447825
2644162	8144004	4622337	4487221	6885628
3268278	5268270	3111125	4886618	9443211
7099754	3970362	797467	1698353	7436291
2626402	6106106	3717197	6821827	9902139
2833108	7059644	3035487	8942608	6897129
5244414	9276776	7124141	5820276	6672095
9315564	8562376	2788952	5623857	2277742
2674955	8939714	7655358	9451019	5257781
1145992	8196243	9964638	6093223	7477397
7223623	8811436	5917057	1418186	617371
3859316	7754900	7425845	5989559	8209286
1011134	7483235	4456635	4578163	2693651
2704358	9815702	1335854	2159288	2547299
2669915	1036391	8754312	6097289	1661311
8766240	7049723	171998	1249584	5156736
3312941	9372491	9640954	2956163	7733858
5107248	5027476	4716902	4256121	9495133
3041906	9756167	1876195	6974575	9339930
7120983	6217423	4889825	3433173	5879980
6514551	1442689	9368911	2119528	5365456
6198537	1242050	5013371	9188271	567117
8641813	7900521	5886878	4927041	7208862
3778666	7620911	8624716	7980172	1458005
2204448	3313399	6247817	8473373	4613104
1323809	9273510	1369365	4821936	9674014
9943678	7554501	250928	1670370	7195229
4303661	8564265	7709436	268461	4775270
4597363	3714211	1458581	7371557	8081198
4453447	9957628	361579	4610121	8098053
5882325	9022348	6103401	5711808	9390804
7931164	7004834	7409812	7867836	3911167
1343833	2246337	6548212	5036322	3473591
1383287	1002106	221660	8964963	247442
6103744	825128	2216922	7562338	130326
2026415	1964795	5065086	2492382	3308570
7021925	1916602	392274	9570478	6411896
8952203	4574520	2562064	2092860	1469608
4971584	161674	6508774	4130101	5278098
2233575	8383977	5080082	6277567	5522664
599898	6419308	741177	3523544	2597641
1076383	5953199	7664248	3492902	7291196
4028216	249967	7218209	700912	2334371
3984826	3009723	6442785	3240648	6914407
8101712	4090913	3424698	3554195	2686161
2631120	367479	4991228	9457602	7259817
587558	7475959	402809	2283030	458908
9466301	131739	6229725	667779	3109835
3073896	4636021	8548380	6462989	6618161
8342420	9602135	212246	3569858	9170999
6178225	2992039	3641741	6411433	789290
4788500	2737702	8660935	9537291	8663212
2510300	9080278	3793994	5793860	6177655
6644321	8190158	4517730	8586846	5607468
9404854	6262072	1043141	5324965	885380
8861896	7535179	1794707	9278745	2024013
1746028	3332852	7388947	3787714	8635879
4251303	3166860	714985	8154588	2831429
1491222	5184357	4816927	5149856	7540549
8859685	9124626	4349702	280350	2340119
3086079	2141061	3241154	6691948	8529523
4290333	4999058	5863410	2667142	5841968
6201907	8582056	7340651	7021392	6594869
1153921	9288550	6545507	5325231	5793465
639288	2951006	7614264	286446	108124
5679402	2356475	5155674	220415	5133102
6288518	5022118	1028600	9781406	4458712
3114571	6531026	6925374	7388530	8964804
9627186	5119653	2115614	2483799	1127133
1701224	481997	6207155	9720696	4714817
8020470	2267201	1221996	8956050	7466866
5795554	6429995	841332	1085606	2776608
5291609	8054957	7938243	1811128	1022494
2355930	1672445	3482943	2614442	4430227
4132121	110412	1380685	5824041	725853
4772317	8538197	3360425	8053642	1737916
171209	617624	9113096	6908514	4465602
628008	847217	5802440	9980226	7792708
6835148	504238	6857959	5927862	15133
16955	7646430	3871651	714487	7193080
1097783	7775919	732533	9123982	4560652
4379278	8455753	6157208	3632598	1290976
4694192	3948180	514800	6924780	6108325
7079673	3162072	5042625	9035904	5813519
3628403	5807282	2432207	3234554	8339774
8749592	2182447	8633697	6595683	970103
3300330	3497635	2298956	6618357	3055941
930866	4725832	3272733	6293662	5211700
9471320	8321897	5581474	9683773	2639462
544910	5184018	4092149	8597675	2097993
598266	8914803	9915321	5347416	854572
5182031	2095958	7830789	8162910	1550503
5179902	5646615	4494523	9420341	7556653
6071718	511486	2842730	1587124	9737763
9471116	891751	3810453	1959013	6300810
3816319	2746488	4027331	4097272	4855636
8493474	7816365	8396915	4728243	8344303
6932038	7668634	5433164	8785668	3807874
5637162	5884476	6707249	7240814	2755019
4324915	3147314	2726359	9164434	2711243
4249711	3577534	6073195	5131864	7007781
52089	4157957	2354402	4641258	2190222
7259396	6089567	2898865	2155096	9773217
4396843	6714263	1766886	8670901	2494123
1238915	6863047	6642626	2296866	7841797
831632	1629196	5527739	165063	4442963
5684308	5547750	3249753	5374473	6674123
2975686	9007085	6395509	5820389	4473655
5510145	5503073	5567694	1995205	9819900
1693705	2007294	9439489	6129928	1469335
7067671	8550438	5318612	3601313	2140317
2284085	369648	1328021	8817439	2165039
101826	5535694	4035411	3255999	1762322
3583544	3335167	7508230	5056437	4406127
837458	218595	3141277	3097358	7621671
9701339	6112328	1230482	3295615	1219757
4492383	9406482	7434930	6963984	5614962
7679952	1501675	2270855	6865579	7514607
7614591	9511770	6484777	5937369	1582251
2851599	2048027	1393461	9526694	2490399
2560793	9568255	426126	4900992	9064045
7931055	2316985	1560883	4372382	6712690
2942645	9363685	4605489	8617778	571231
8152291	6944823	7185851	1984377	2592784
7286297	5489298	5445458	2717483	3479589
223785	9506712	973858	526417	3918850
4982529	985641	5755799	8561313	7944713
2143058	744252	9186905	3026672	3375440
2700257	8698857	4936422	2335241	5912809
1084578	9435096	4244963	723282	3557114
9516609	7912753	1066463	7681647	6920548
7635349	3801756	1018363	6670006	6715502
9399841	7421241	8418880	1841060	4819065
8602075	5166346	4431301	5316876	4930813
8169716	3479188	323679	2240702	6883303
778311	5238798	911554	153205	9304262
1817854	4448337	2920038	3953461	1297536
6287673	4110954	2388815	8100941	3468021
5280747	9811668	8385339	9063960	8780552
2634528	5368854	8514820	1779422	6981064
3466604	3243447	2663056	2533686	3244397
5298165	4066820	8392371	5393719	9995667
6002341	9821243	9427475	4009457	6952281
5974167	4073579	1935104	1260781	5026124
8896110	4274761	8796180	1655600	9354722
6346126	411173	669164	3076319	396934
8183123	6788815	655741	1513822	9940632
9716791	2202069	6119934	7651051	3893386
407842	601707	5976245	1954575	782792
6875384	9894286	8629418	2078003	2617974
1588961	7057071	2843191	8862507	6497127
9495893	6620389	5709309	8005224	9393748
5165230	9014179	4076666	3965421	3006065
5042360	7602212	2785522	5422415	1131883
8873163	7576554	4858547	3186006	5852500
3826473	4531458	2872414	6693508	4356051
2334510	7443669	9979406	3049008	5139196
9745722	7950057	8097238	3613542	6414680
1664546	7681584	7864525	5029496	4964809
7752595	7689737	3639312	5284328	789982
4260299	7852454	5128566	1624932	6271936
6979356	6461416	1571676	1000307	49796
367198	3931190	1164263	3457621	660097
5895576	2240262	3547795	5848687	8227475
3888440	755411	9502578	5001652	2452886
1791651	1848558	5750055	6494913	1080789
2908193	3620850	2110219	1756550	628729
1853349	7131802	9949592	6134656	5783940
397671	1349733	6488184	9818612	8686945
333076	6498158	945475	3609291	6478515
52902	5472156	8648347	8865019	5033953
7929328	8083962	5352035	5076512	811758
2124179	4355484	9023369	4531407	1579012
6939892	4496518	1083760	3006346	5900629
5982715	8459672	4508151	3842113	9878344
7710909	7223981	5971634	4297804	4542168
556844	8230894	5535737	9891190	6567298
5856680	3563634	3561421	4530397	74370
1581727	2840224	1779835	7897565	6473922
2755259	6308027	6008643	6906015	5472013
8684513	6542566	9195628	6834144	7544766
9954743	9597706	4308530	2148703	7240424
4804834	7749974	2026243	6615711	2454694
6312641	2812156	734321	4391840	2216058
2971977	9339917	8767184	7522479	2979138
7229676	1034187	1885968	4416980	8509157
7511282	6091881	263417	6944115	9442464
3730694	2329842	5287285	1701812	2139883
2855220	2571229	9457629	7311963	657392
7221105	1440882	7824274	3295897	9573971
9223814	2119665	4018273	1927159	7475720
201185	7184967	8765658	6611204	9995898
6886719	615483	6148067	1417647	4619455
2524477	3340290	964381	3738396	7369440
1138586	1312005	22307	2739210	5601902
9512118	4317664	4270657	9817519	7628921
4681027	7780325	5414498	8787388	8676155
6714790	7670826	6434101	7433037	822892
6876317	5763414	5209990	6516951	3571494
4420676	3316926	3895196	994466	7789683
7573458	5336182	4234096	9669494	5144079
5138659	7316050	2566182	444016	3946781
4869697	8078928	7407911	7934612	5583630
7231084	9917046	8594354	5547695	2308529
964014	8290855	2208994	3985038	843597
7198373	9528865	2397637	7940620	4174921
9782004	7939546	9942895	8217362	8332345
4496773	5838110	7326309	6565472	3614046
6726484	9895189	5485257	5436644	9631252
2628828	470451	8565559	4545955	8969391
9998227	2734017	1699343	3377154	1383775
6602228	4604747	859683	7241290	9187690
9294559	9005278	7171604	8771191	6576540
620926	1233992	4255181	1200459	4342460
6705457	8780221	5075078	7139734	1899004
7866346	6578582	5879085	1508615	6074326
4727412	4040412	2246892	6864430	6736996
5420609	6880769	2242038	7302583	9153695
2237313	5389850	7871663	7988846	8312896
9844956	6941598	9866819	3141288	8440597
2719549	743706	9171881	4415931	8632497
9714324	4050408	8019434	9115929	7159784
2705068	6930967	105892	1026581	41334
8086783	2577440	3789730	986535	817704
9442199	1017403	3878418	2690170	7691390
4211099	1348076	3584999	9059039	6884248
6985040	2694840	4998685	9977338	2932826
8443156	4303949	4602744	8314290	4167643
3740924	6869150	3291488	6914649	5752380
895610	3680681	8191583	4738775	1685687
4380080	9370062	2916552	4992763	9764784
8695725	6498611	4704515	7849941	8819237
4025254	929725	2113336	5792461	4746833
1129503	7384717	9524347	3652605	7784542
8496777	1684789	8650956	7559323	4185853
5612027	167793	5606872	5183824	7917165
1228551	6204911	6408704	6388418	9940667
155821	5810236	2599062	1262445	6950436
5140481	4533228	2726014	6416417	7404951
9737547	9199818	5400866	588246	9550425
1947661	575343	8733246	2193187	8917266
8612705	5131062	3919340	7968515	6668946
9177948	5699264	9761709	3424822	4504558
9562715	2200153	8376833	548542	5751862
6024546	7356777	9713279	4589594	2097586
396482	9432433	4221095	5933381	3130699
9023690	1159937	5864798	7564925	2315444
7978264	5555285	6326218	8408120	8973377
1882836	4271168	6409795	5057995	2236842
9899349	129936	254188	2860440	8353935
3929637	4290590	2850086	2981667	1566586
2552287	8631176	9811519	6743313	2990499
7741512	3185494	1236212	1680902	6858616
6651344	9970983	5107635	8515385	6254889
4566396	9458726	630939	685735	8413179
6269050	8434958	7252431	6699933	915626
8864626	2571131	4342483	1306610	1764963
8097815	9142235	6973551	4727122	8256921
9349337	9827056	5217886	3492028	3142248
7961973	9461261	9087829	2266518	3564068
2094221	6895553	4012731	520276	8310092
9274430	9862611	185826	7519376	8897489
1512051	7010643	6335884	8235445	3534875
8626164	5780504	944752	6638663	5103458
4356160	9202930	2056673	6211256	9875397
1281475	2822016	9357376	7806072	2521005
9307844	9517984	6369290	7757398	8685696
6686738	6064847	7126949	5209281	7130820
3616428	129844	8927931	3529405	381014
2072298	8716265	7082494	3057867	7334918
422353	990770	4658333	8141307	6693832
5265866	776120	513777	7018799	6420164
8319039	1973129	3570334	3279914	8710226
5838170	8247349	9943872	9916751	5017410
5744137	896194	4050028	2088463	5561114
1768717	5492614	9339236	1581685	9882710
2916442	5449252	934461	7274945	33212
7903371	9638679	9552605	9332283	7144259
7000686	2091803	1918625	3985839	3298842
5387264	1203979	4719015	5014948	166367
4994107	2063613	8223452	4458258	5208480
7689099	734446	8750540	1800271	3361835
6775527	7609205	6351902	6811253	8495678
1150502	3792268	2802414	4466444	3050940
980028	3398988	8620415	8636130	6637957
5425799	6608483	1702862	4812399	4190684
6714764	8178026	8969260	5684349	7514389
2955523	8037628	6480451	4098795	517934
1623800	9998713	3302505	6032232	231306
4576985	2050593	6649844	2237220	9271206
8196165	81614	7594442	9576604	9924731
5761371	7890187	3593487	6389378	8515306
5176729	2677288	3055775	5414090	9623138
9445541	832050	1677934	6697643	1896694
8303684	4249842	8213340	1067184	505745
3100588	5787256	934487	2985479	9811331
2810299	9448786	6574615	610614	5491082
7692119	7595722	711536	1258462	6492814
7107920	4220623	655832	8229040	3431204
1631847	1395512	3995518	9613402	9303131
2249514	9376283	4803176	4672533	4383335
8379085	8861867	1779537	7261660	5983821
604375	115651	5722148	429843	1471569
1045847	5667106	7981289	570236	3263673
1003789	1356031	3363423	9386980	6330525
4492745	2464935	3107901	1386118	1593646
7597272	8100268	1094033	4491824	3651446
7746226	7329973	8952005	5363916	2468774
7200994	4628663	2856445	905178	2200548
4551347	4696922	6767684	4787394	1301332
8346850	3439907	7284452	6265927	3624703
3851004	3498441	9207079	3997577	2895375
6327366	3289442	4426198	1254749	9855196
79639	343370	3639704	6442055	2002910
6859534	9424192	7646852	8160065	5701442
3294802	4166657	9163398	7656439	5939416
2923039	2808171	5025494	3457081	1348584
6458526	1224169	8923911	5856734	8800979
6417784	2394194	1616135	5519844	7937754
1817495	8737787	8327242	604224	2435125
61978	4726794	6803553	950875	9073226
3384969	7377953	9305506	5834114	958059
1309763	2787499	1043467	8556224	6497205
6336716	7178533	4827027	9881178	494230
8481365	2288921	1096513	3791736	9411403
5368944	9400181	3258856	3263114	9720274
1418971	4526511	8983468	8782496	4969708
8350899	6795916	6827270	3798431	5222631
2616760	2615232	5053643	4531042	6551744
3497063	8532112	4799616	4399026	463384
9479171	6891287	5572292	424310	3718099
3782018	1702339	2521230	6403884	6860681
9742459	2067641	7950065	1314213	9482401
1705011	5747753	9420104	7661499	8202910
6377429	2905781	3156778	6284362	8986094
9668524	399568	7477632	5112852	5873955
5607293	9880468	4217398	3354677	2893680
8727139	1860572	1468962	6319205	3825698
4055399	7457282	6340302	9339703	3471726
2651669	4119813	1645449	2666679	2070114
4233286	5040024	4863448	7633582	3003141
5037304	5816375	2555003	8049898	5195800
5505650	7219773	31841	592236	6241408
8960803	8832235	8897984	8148723	664845
5995013	2398902	6674802	3400233	4080690
3417368	439061	5077083	1831915	9747911
1523952	4527044	3544723	283197	9374877
7661431	196569	7524149	6214360	4142945
9978301	9369992	5101861	6934172	2113850
7492525	2738376	2384289	3814395	2279769
4247043	3581226	7802269	2092522	1677784
9654684	6279175	4457491	3412716	7760791
6905998	7062096	6686062	803888	2958830
757164	9594845	8749149	9594885	8015902
3964198	8832560	7879707	988947	4114124
9903409	588695	4685876	6234063	1655884
5125072	3295931	5803424	656616	1700604
5581140	2362161	9984578	8812730	1928385
8431076	9114489	7747094	5786171	2865710
638012	7582171	1688400	1221564	5764242
5386536	6812427	8686549	928246	9315716